,BatterTeam,Split,inning,YRA,NRA,NRA%,Year,Apps
0,ARI,Home,1,16,32,0.667,2025,48
1,ARI,Home,2,12,36,0.75,2025,48
2,ARI,Home,3,15,33,0.688,2025,48
3,ARI,Home,4,18,30,0.625,2025,48
4,ARI,Home,5,20,28,0.583,2025,48
5,ARI,Home,6,14,34,0.708,2025,48
6,ARI,Home,7,12,36,0.75,2025,48
7,ARI,Home,8,16,32,0.667,2025,48
8,ARI,Home,9,10,18,0.643,2025,28
11,ARI,Road,1,14,34,0.708,2025,48
12,ARI,Road,2,18,30,0.625,2025,48
13,ARI,Road,3,16,32,0.667,2025,48
14,ARI,Road,4,17,31,0.646,2025,48
15,ARI,Road,5,18,30,0.625,2025,48
16,ARI,Road,6,9,39,0.812,2025,48
17,ARI,Road,7,12,36,0.75,2025,48
18,ARI,Road,8,14,34,0.708,2025,48
19,ARI,Road,9,14,34,0.708,2025,48
0,ARI,Total,1,30,66,0.688,2025,96
1,ARI,Total,2,30,66,0.688,2025,96
2,ARI,Total,3,31,65,0.677,2025,96
3,ARI,Total,4,35,61,0.635,2025,96
4,ARI,Total,5,38,58,0.604,2025,96
5,ARI,Total,6,23,73,0.76,2025,96
6,ARI,Total,7,24,72,0.75,2025,96
7,ARI,Total,8,30,66,0.688,2025,96
8,ARI,Total,9,24,52,0.684,2025,76
22,ATL,Home,1,14,32,0.696,2025,46
23,ATL,Home,2,9,37,0.804,2025,46
24,ATL,Home,3,13,33,0.717,2025,46
25,ATL,Home,4,8,38,0.826,2025,46
26,ATL,Home,5,13,33,0.717,2025,46
27,ATL,Home,6,13,33,0.717,2025,46
28,ATL,Home,7,10,36,0.783,2025,46
29,ATL,Home,8,10,36,0.783,2025,46
30,ATL,Home,9,5,22,0.815,2025,27
33,ATL,Road,1,15,34,0.694,2025,49
34,ATL,Road,2,13,36,0.735,2025,49
35,ATL,Road,3,13,36,0.735,2025,49
36,ATL,Road,4,13,36,0.735,2025,49
37,ATL,Road,5,12,37,0.755,2025,49
38,ATL,Road,6,10,39,0.796,2025,49
39,ATL,Road,7,11,38,0.776,2025,49
40,ATL,Road,8,14,35,0.714,2025,49
41,ATL,Road,9,12,37,0.755,2025,49
11,ATL,Total,1,29,66,0.695,2025,95
12,ATL,Total,2,22,73,0.768,2025,95
13,ATL,Total,3,26,69,0.726,2025,95
14,ATL,Total,4,21,74,0.779,2025,95
15,ATL,Total,5,25,70,0.737,2025,95
16,ATL,Total,6,23,72,0.758,2025,95
17,ATL,Total,7,21,74,0.779,2025,95
18,ATL,Total,8,24,71,0.747,2025,95
19,ATL,Total,9,17,59,0.776,2025,76
44,BAL,Home,1,10,37,0.787,2025,47
45,BAL,Home,2,13,34,0.723,2025,47
46,BAL,Home,3,18,29,0.617,2025,47
47,BAL,Home,4,7,40,0.851,2025,47
48,BAL,Home,5,12,35,0.745,2025,47
49,BAL,Home,6,15,32,0.681,2025,47
50,BAL,Home,7,14,33,0.702,2025,47
51,BAL,Home,8,14,33,0.702,2025,47
52,BAL,Home,9,5,20,0.8,2025,25
54,BAL,Road,1,12,36,0.75,2025,48
55,BAL,Road,2,9,39,0.812,2025,48
56,BAL,Road,3,13,35,0.729,2025,48
57,BAL,Road,4,12,36,0.75,2025,48
58,BAL,Road,5,12,36,0.75,2025,48
59,BAL,Road,6,12,36,0.75,2025,48
60,BAL,Road,7,12,36,0.75,2025,48
61,BAL,Road,8,8,40,0.833,2025,48
62,BAL,Road,9,6,42,0.875,2025,48
22,BAL,Total,1,22,73,0.768,2025,95
23,BAL,Total,2,22,73,0.768,2025,95
24,BAL,Total,3,31,64,0.674,2025,95
25,BAL,Total,4,19,76,0.8,2025,95
26,BAL,Total,5,24,71,0.747,2025,95
27,BAL,Total,6,27,68,0.716,2025,95
28,BAL,Total,7,26,69,0.726,2025,95
29,BAL,Total,8,22,73,0.768,2025,95
30,BAL,Total,9,11,62,0.849,2025,73
65,BOS,Home,1,17,34,0.667,2025,51
66,BOS,Home,2,14,37,0.725,2025,51
67,BOS,Home,3,15,36,0.706,2025,51
68,BOS,Home,4,11,40,0.784,2025,51
69,BOS,Home,5,19,32,0.627,2025,51
70,BOS,Home,6,17,34,0.667,2025,51
71,BOS,Home,7,18,33,0.647,2025,51
72,BOS,Home,8,17,34,0.667,2025,51
73,BOS,Home,9,5,23,0.821,2025,28
76,BOS,Road,1,14,32,0.696,2025,46
77,BOS,Road,2,14,32,0.696,2025,46
78,BOS,Road,3,14,32,0.696,2025,46
79,BOS,Road,4,14,32,0.696,2025,46
80,BOS,Road,5,12,34,0.739,2025,46
81,BOS,Road,6,14,32,0.696,2025,46
82,BOS,Road,7,10,36,0.783,2025,46
83,BOS,Road,8,8,38,0.826,2025,46
84,BOS,Road,9,13,33,0.717,2025,46
33,BOS,Total,1,31,66,0.68,2025,97
34,BOS,Total,2,28,69,0.711,2025,97
35,BOS,Total,3,29,68,0.701,2025,97
36,BOS,Total,4,25,72,0.742,2025,97
37,BOS,Total,5,31,66,0.68,2025,97
38,BOS,Total,6,31,66,0.68,2025,97
39,BOS,Total,7,28,69,0.711,2025,97
40,BOS,Total,8,25,72,0.742,2025,97
41,BOS,Total,9,18,56,0.757,2025,74
88,CHC,Home,1,15,31,0.674,2025,46
89,CHC,Home,2,17,29,0.63,2025,46
90,CHC,Home,3,14,32,0.696,2025,46
91,CHC,Home,4,14,32,0.696,2025,46
92,CHC,Home,5,19,27,0.587,2025,46
93,CHC,Home,6,9,37,0.804,2025,46
94,CHC,Home,7,11,35,0.761,2025,46
95,CHC,Home,8,13,33,0.717,2025,46
96,CHC,Home,9,4,17,0.81,2025,21
99,CHC,Road,1,15,35,0.7,2025,50
100,CHC,Road,2,13,37,0.74,2025,50
101,CHC,Road,3,11,39,0.78,2025,50
102,CHC,Road,4,20,30,0.6,2025,50
103,CHC,Road,5,13,37,0.74,2025,50
104,CHC,Road,6,16,34,0.68,2025,50
105,CHC,Road,7,18,32,0.64,2025,50
106,CHC,Road,8,19,31,0.62,2025,50
107,CHC,Road,9,13,37,0.74,2025,50
45,CHC,Total,1,30,66,0.688,2025,96
46,CHC,Total,2,30,66,0.688,2025,96
47,CHC,Total,3,25,71,0.74,2025,96
48,CHC,Total,4,34,62,0.646,2025,96
49,CHC,Total,5,32,64,0.667,2025,96
50,CHC,Total,6,25,71,0.74,2025,96
51,CHC,Total,7,29,67,0.698,2025,96
52,CHC,Total,8,32,64,0.667,2025,96
53,CHC,Total,9,17,54,0.761,2025,71
110,CIN,Home,1,20,29,0.592,2025,49
111,CIN,Home,2,11,38,0.776,2025,49
112,CIN,Home,3,15,34,0.694,2025,49
113,CIN,Home,4,13,36,0.735,2025,49
114,CIN,Home,5,14,35,0.714,2025,49
115,CIN,Home,6,14,35,0.714,2025,49
116,CIN,Home,7,14,34,0.708,2025,48
117,CIN,Home,8,7,41,0.854,2025,48
118,CIN,Home,9,6,19,0.76,2025,25
121,CIN,Road,1,11,35,0.761,2025,46
122,CIN,Road,2,7,39,0.848,2025,46
123,CIN,Road,3,15,31,0.674,2025,46
124,CIN,Road,4,13,33,0.717,2025,46
125,CIN,Road,5,17,29,0.63,2025,46
126,CIN,Road,6,14,32,0.696,2025,46
127,CIN,Road,7,7,39,0.848,2025,46
128,CIN,Road,8,16,30,0.652,2025,46
129,CIN,Road,9,15,31,0.674,2025,46
56,CIN,Total,1,31,64,0.674,2025,95
57,CIN,Total,2,18,77,0.811,2025,95
58,CIN,Total,3,30,65,0.684,2025,95
59,CIN,Total,4,26,69,0.726,2025,95
60,CIN,Total,5,31,64,0.674,2025,95
61,CIN,Total,6,28,67,0.705,2025,95
62,CIN,Total,7,21,73,0.777,2025,94
63,CIN,Total,8,23,71,0.755,2025,94
64,CIN,Total,9,21,50,0.704,2025,71
132,CLE,Home,1,10,32,0.762,2025,42
133,CLE,Home,2,3,39,0.929,2025,42
134,CLE,Home,3,8,34,0.81,2025,42
135,CLE,Home,4,15,27,0.643,2025,42
136,CLE,Home,5,5,37,0.881,2025,42
137,CLE,Home,6,13,29,0.69,2025,42
138,CLE,Home,7,8,34,0.81,2025,42
139,CLE,Home,8,7,35,0.833,2025,42
140,CLE,Home,9,4,22,0.846,2025,26
142,CLE,Road,1,11,40,0.784,2025,51
143,CLE,Road,2,9,42,0.824,2025,51
144,CLE,Road,3,17,34,0.667,2025,51
145,CLE,Road,4,13,38,0.745,2025,51
146,CLE,Road,5,12,39,0.765,2025,51
147,CLE,Road,6,15,36,0.706,2025,51
148,CLE,Road,7,12,39,0.765,2025,51
149,CLE,Road,8,12,39,0.765,2025,51
150,CLE,Road,9,12,39,0.765,2025,51
67,CLE,Total,1,21,72,0.774,2025,93
68,CLE,Total,2,12,81,0.871,2025,93
69,CLE,Total,3,25,68,0.731,2025,93
70,CLE,Total,4,28,65,0.699,2025,93
71,CLE,Total,5,17,76,0.817,2025,93
72,CLE,Total,6,28,65,0.699,2025,93
73,CLE,Total,7,20,73,0.785,2025,93
74,CLE,Total,8,19,74,0.796,2025,93
75,CLE,Total,9,16,61,0.792,2025,77
153,COL,Home,1,15,31,0.674,2025,46
154,COL,Home,2,14,32,0.696,2025,46
155,COL,Home,3,17,29,0.63,2025,46
156,COL,Home,4,16,30,0.652,2025,46
157,COL,Home,5,12,34,0.739,2025,46
158,COL,Home,6,8,38,0.826,2025,46
159,COL,Home,7,9,37,0.804,2025,46
160,COL,Home,8,13,33,0.717,2025,46
161,COL,Home,9,12,25,0.676,2025,37
164,COL,Road,1,9,41,0.82,2025,50
165,COL,Road,2,5,45,0.9,2025,50
166,COL,Road,3,11,39,0.78,2025,50
167,COL,Road,4,7,43,0.86,2025,50
168,COL,Road,5,10,40,0.8,2025,50
169,COL,Road,6,13,37,0.74,2025,50
170,COL,Road,7,14,36,0.72,2025,50
171,COL,Road,8,11,39,0.78,2025,50
172,COL,Road,9,8,42,0.84,2025,50
78,COL,Total,1,24,72,0.75,2025,96
79,COL,Total,2,19,77,0.802,2025,96
80,COL,Total,3,28,68,0.708,2025,96
81,COL,Total,4,23,73,0.76,2025,96
82,COL,Total,5,22,74,0.771,2025,96
83,COL,Total,6,21,75,0.781,2025,96
84,COL,Total,7,23,73,0.76,2025,96
85,COL,Total,8,24,72,0.75,2025,96
86,COL,Total,9,20,67,0.77,2025,87
175,CWS,Home,1,14,36,0.72,2025,50
176,CWS,Home,2,13,37,0.74,2025,50
177,CWS,Home,3,9,41,0.82,2025,50
178,CWS,Home,4,13,37,0.74,2025,50
179,CWS,Home,5,10,40,0.8,2025,50
180,CWS,Home,6,14,36,0.72,2025,50
181,CWS,Home,7,11,37,0.771,2025,48
182,CWS,Home,8,14,34,0.708,2025,48
183,CWS,Home,9,3,28,0.903,2025,31
186,CWS,Road,1,15,32,0.681,2025,47
187,CWS,Road,2,9,38,0.809,2025,47
188,CWS,Road,3,8,39,0.83,2025,47
189,CWS,Road,4,13,34,0.723,2025,47
190,CWS,Road,5,9,38,0.809,2025,47
191,CWS,Road,6,11,36,0.766,2025,47
192,CWS,Road,7,9,38,0.809,2025,47
193,CWS,Road,8,9,37,0.804,2025,46
194,CWS,Road,9,11,35,0.761,2025,46
89,CWS,Total,1,29,68,0.701,2025,97
90,CWS,Total,2,22,75,0.773,2025,97
91,CWS,Total,3,17,80,0.825,2025,97
92,CWS,Total,4,26,71,0.732,2025,97
93,CWS,Total,5,19,78,0.804,2025,97
94,CWS,Total,6,25,72,0.742,2025,97
95,CWS,Total,7,20,75,0.789,2025,95
96,CWS,Total,8,23,71,0.755,2025,94
97,CWS,Total,9,14,63,0.818,2025,77
197,DET,Home,1,16,34,0.68,2025,50
198,DET,Home,2,15,35,0.7,2025,50
199,DET,Home,3,14,36,0.72,2025,50
200,DET,Home,4,19,31,0.62,2025,50
201,DET,Home,5,22,28,0.56,2025,50
202,DET,Home,6,11,39,0.78,2025,50
203,DET,Home,7,19,31,0.62,2025,50
204,DET,Home,8,9,41,0.82,2025,50
205,DET,Home,9,3,18,0.857,2025,21
208,DET,Road,1,14,33,0.702,2025,47
209,DET,Road,2,13,34,0.723,2025,47
210,DET,Road,3,15,32,0.681,2025,47
211,DET,Road,4,16,31,0.66,2025,47
212,DET,Road,5,8,39,0.83,2025,47
213,DET,Road,6,7,40,0.851,2025,47
214,DET,Road,7,14,33,0.702,2025,47
215,DET,Road,8,16,31,0.66,2025,47
216,DET,Road,9,11,36,0.766,2025,47
100,DET,Total,1,30,67,0.691,2025,97
101,DET,Total,2,28,69,0.711,2025,97
102,DET,Total,3,29,68,0.701,2025,97
103,DET,Total,4,35,62,0.639,2025,97
104,DET,Total,5,30,67,0.691,2025,97
105,DET,Total,6,18,79,0.814,2025,97
106,DET,Total,7,33,64,0.66,2025,97
107,DET,Total,8,25,72,0.742,2025,97
108,DET,Total,9,14,54,0.794,2025,68
218,HOU,Home,1,12,40,0.769,2025,52
219,HOU,Home,2,10,42,0.808,2025,52
220,HOU,Home,3,17,35,0.673,2025,52
221,HOU,Home,4,14,38,0.731,2025,52
222,HOU,Home,5,16,36,0.692,2025,52
223,HOU,Home,6,16,36,0.692,2025,52
224,HOU,Home,7,10,42,0.808,2025,52
225,HOU,Home,8,17,35,0.673,2025,52
226,HOU,Home,9,2,23,0.92,2025,25
229,HOU,Road,1,11,32,0.744,2025,43
230,HOU,Road,2,10,33,0.767,2025,43
231,HOU,Road,3,9,34,0.791,2025,43
232,HOU,Road,4,8,35,0.814,2025,43
233,HOU,Road,5,9,34,0.791,2025,43
234,HOU,Road,6,14,29,0.674,2025,43
235,HOU,Road,7,12,31,0.721,2025,43
236,HOU,Road,8,11,31,0.738,2025,42
237,HOU,Road,9,9,33,0.786,2025,42
111,HOU,Total,1,23,72,0.758,2025,95
112,HOU,Total,2,20,75,0.789,2025,95
113,HOU,Total,3,26,69,0.726,2025,95
114,HOU,Total,4,22,73,0.768,2025,95
115,HOU,Total,5,25,70,0.737,2025,95
116,HOU,Total,6,30,65,0.684,2025,95
117,HOU,Total,7,22,73,0.768,2025,95
118,HOU,Total,8,28,66,0.702,2025,94
119,HOU,Total,9,11,56,0.836,2025,67
241,KC,Home,1,12,38,0.76,2025,50
242,KC,Home,2,9,41,0.82,2025,50
243,KC,Home,3,10,40,0.8,2025,50
244,KC,Home,4,9,41,0.82,2025,50
245,KC,Home,5,12,38,0.76,2025,50
246,KC,Home,6,11,39,0.78,2025,50
247,KC,Home,7,11,39,0.78,2025,50
248,KC,Home,8,12,38,0.76,2025,50
249,KC,Home,9,9,22,0.71,2025,31
253,KC,Road,1,16,31,0.66,2025,47
254,KC,Road,2,12,35,0.745,2025,47
255,KC,Road,3,10,37,0.787,2025,47
256,KC,Road,4,12,35,0.745,2025,47
257,KC,Road,5,18,29,0.617,2025,47
258,KC,Road,6,6,41,0.872,2025,47
259,KC,Road,7,6,41,0.872,2025,47
260,KC,Road,8,11,36,0.766,2025,47
261,KC,Road,9,9,38,0.809,2025,47
123,KC,Total,1,28,69,0.711,2025,97
124,KC,Total,2,21,76,0.784,2025,97
125,KC,Total,3,20,77,0.794,2025,97
126,KC,Total,4,21,76,0.784,2025,97
127,KC,Total,5,30,67,0.691,2025,97
128,KC,Total,6,17,80,0.825,2025,97
129,KC,Total,7,17,80,0.825,2025,97
130,KC,Total,8,23,74,0.763,2025,97
131,KC,Total,9,18,60,0.769,2025,78
264,LAA,Home,1,14,33,0.702,2025,47
265,LAA,Home,2,11,36,0.766,2025,47
266,LAA,Home,3,10,37,0.787,2025,47
267,LAA,Home,4,17,30,0.638,2025,47
268,LAA,Home,5,12,35,0.745,2025,47
269,LAA,Home,6,11,36,0.766,2025,47
270,LAA,Home,7,12,35,0.745,2025,47
271,LAA,Home,8,11,36,0.766,2025,47
272,LAA,Home,9,7,22,0.759,2025,29
275,LAA,Road,1,22,27,0.551,2025,49
276,LAA,Road,2,12,37,0.755,2025,49
277,LAA,Road,3,14,35,0.714,2025,49
278,LAA,Road,4,11,38,0.776,2025,49
279,LAA,Road,5,13,36,0.735,2025,49
280,LAA,Road,6,9,40,0.816,2025,49
281,LAA,Road,7,12,37,0.755,2025,49
282,LAA,Road,8,12,37,0.755,2025,49
283,LAA,Road,9,12,37,0.755,2025,49
135,LAA,Total,1,36,60,0.625,2025,96
136,LAA,Total,2,23,73,0.76,2025,96
137,LAA,Total,3,24,72,0.75,2025,96
138,LAA,Total,4,28,68,0.708,2025,96
139,LAA,Total,5,25,71,0.74,2025,96
140,LAA,Total,6,20,76,0.792,2025,96
141,LAA,Total,7,24,72,0.75,2025,96
142,LAA,Total,8,23,73,0.76,2025,96
143,LAA,Total,9,19,59,0.756,2025,78
286,LAD,Home,1,20,30,0.6,2025,50
287,LAD,Home,2,21,29,0.58,2025,50
288,LAD,Home,3,14,36,0.72,2025,50
289,LAD,Home,4,12,38,0.76,2025,50
290,LAD,Home,5,14,36,0.72,2025,50
291,LAD,Home,6,21,29,0.58,2025,50
292,LAD,Home,7,14,36,0.72,2025,50
293,LAD,Home,8,14,36,0.72,2025,50
294,LAD,Home,9,7,17,0.708,2025,24
296,LAD,Road,1,13,34,0.723,2025,47
297,LAD,Road,2,12,35,0.745,2025,47
298,LAD,Road,3,10,37,0.787,2025,47
299,LAD,Road,4,11,36,0.766,2025,47
300,LAD,Road,5,14,33,0.702,2025,47
301,LAD,Road,6,18,29,0.617,2025,47
302,LAD,Road,7,16,31,0.66,2025,47
303,LAD,Road,8,10,37,0.787,2025,47
304,LAD,Road,9,13,34,0.723,2025,47
146,LAD,Total,1,33,64,0.66,2025,97
147,LAD,Total,2,33,64,0.66,2025,97
148,LAD,Total,3,24,73,0.753,2025,97
149,LAD,Total,4,23,74,0.763,2025,97
150,LAD,Total,5,28,69,0.711,2025,97
151,LAD,Total,6,39,58,0.598,2025,97
152,LAD,Total,7,30,67,0.691,2025,97
153,LAD,Total,8,24,73,0.753,2025,97
154,LAD,Total,9,20,51,0.718,2025,71
309,MIA,Home,1,11,36,0.766,2025,47
310,MIA,Home,2,14,33,0.702,2025,47
311,MIA,Home,3,10,37,0.787,2025,47
312,MIA,Home,4,8,39,0.83,2025,47
313,MIA,Home,5,14,33,0.702,2025,47
314,MIA,Home,6,15,32,0.681,2025,47
315,MIA,Home,7,12,35,0.745,2025,47
316,MIA,Home,8,8,39,0.83,2025,47
317,MIA,Home,9,6,27,0.818,2025,33
321,MIA,Road,1,13,35,0.729,2025,48
322,MIA,Road,2,10,38,0.792,2025,48
323,MIA,Road,3,11,37,0.771,2025,48
324,MIA,Road,4,10,38,0.792,2025,48
325,MIA,Road,5,15,33,0.688,2025,48
326,MIA,Road,6,11,37,0.771,2025,48
327,MIA,Road,7,16,32,0.667,2025,48
328,MIA,Road,8,19,29,0.604,2025,48
329,MIA,Road,9,9,39,0.812,2025,48
159,MIA,Total,1,24,71,0.747,2025,95
160,MIA,Total,2,24,71,0.747,2025,95
161,MIA,Total,3,21,74,0.779,2025,95
162,MIA,Total,4,18,77,0.811,2025,95
163,MIA,Total,5,29,66,0.695,2025,95
164,MIA,Total,6,26,69,0.726,2025,95
165,MIA,Total,7,28,67,0.705,2025,95
166,MIA,Total,8,27,68,0.716,2025,95
167,MIA,Total,9,15,66,0.815,2025,81
332,MIL,Home,1,6,44,0.88,2025,50
333,MIL,Home,2,10,40,0.8,2025,50
334,MIL,Home,3,15,35,0.7,2025,50
335,MIL,Home,4,17,33,0.66,2025,50
336,MIL,Home,5,16,34,0.68,2025,50
337,MIL,Home,6,9,41,0.82,2025,50
338,MIL,Home,7,11,39,0.78,2025,50
339,MIL,Home,8,12,38,0.76,2025,50
340,MIL,Home,9,6,17,0.739,2025,23
343,MIL,Road,1,16,30,0.652,2025,46
344,MIL,Road,2,13,33,0.717,2025,46
345,MIL,Road,3,11,35,0.761,2025,46
346,MIL,Road,4,16,30,0.652,2025,46
347,MIL,Road,5,12,34,0.739,2025,46
348,MIL,Road,6,14,32,0.696,2025,46
349,MIL,Road,7,7,39,0.848,2025,46
350,MIL,Road,8,14,32,0.696,2025,46
351,MIL,Road,9,14,32,0.696,2025,46
171,MIL,Total,1,22,74,0.771,2025,96
172,MIL,Total,2,23,73,0.76,2025,96
173,MIL,Total,3,26,70,0.729,2025,96
174,MIL,Total,4,33,63,0.656,2025,96
175,MIL,Total,5,28,68,0.708,2025,96
176,MIL,Total,6,23,73,0.76,2025,96
177,MIL,Total,7,18,78,0.812,2025,96
178,MIL,Total,8,26,70,0.729,2025,96
179,MIL,Total,9,20,49,0.71,2025,69
353,MIN,Home,1,15,32,0.681,2025,47
354,MIN,Home,2,11,36,0.766,2025,47
355,MIN,Home,3,12,35,0.745,2025,47
356,MIN,Home,4,12,35,0.745,2025,47
357,MIN,Home,5,14,33,0.702,2025,47
358,MIN,Home,6,20,27,0.574,2025,47
359,MIN,Home,7,11,36,0.766,2025,47
360,MIN,Home,8,7,39,0.848,2025,46
361,MIN,Home,9,3,22,0.88,2025,25
363,MIN,Road,1,13,35,0.729,2025,48
364,MIN,Road,2,12,36,0.75,2025,48
365,MIN,Road,3,8,40,0.833,2025,48
366,MIN,Road,4,17,31,0.646,2025,48
367,MIN,Road,5,10,38,0.792,2025,48
368,MIN,Road,6,14,34,0.708,2025,48
369,MIN,Road,7,11,36,0.766,2025,47
370,MIN,Road,8,11,36,0.766,2025,47
371,MIN,Road,9,14,33,0.702,2025,47
182,MIN,Total,1,28,67,0.705,2025,95
183,MIN,Total,2,23,72,0.758,2025,95
184,MIN,Total,3,20,75,0.789,2025,95
185,MIN,Total,4,29,66,0.695,2025,95
186,MIN,Total,5,24,71,0.747,2025,95
187,MIN,Total,6,34,61,0.642,2025,95
188,MIN,Total,7,22,72,0.766,2025,94
189,MIN,Total,8,18,75,0.806,2025,93
190,MIN,Total,9,17,55,0.764,2025,72
374,NYM,Home,1,15,32,0.681,2025,47
375,NYM,Home,2,12,35,0.745,2025,47
376,NYM,Home,3,19,28,0.596,2025,47
377,NYM,Home,4,14,33,0.702,2025,47
378,NYM,Home,5,11,36,0.766,2025,47
379,NYM,Home,6,10,37,0.787,2025,47
380,NYM,Home,7,11,36,0.766,2025,47
381,NYM,Home,8,18,29,0.617,2025,47
382,NYM,Home,9,4,16,0.8,2025,20
387,NYM,Road,1,11,39,0.78,2025,50
388,NYM,Road,2,12,38,0.76,2025,50
389,NYM,Road,3,14,36,0.72,2025,50
390,NYM,Road,4,8,42,0.84,2025,50
391,NYM,Road,5,14,36,0.72,2025,50
392,NYM,Road,6,13,37,0.74,2025,50
393,NYM,Road,7,11,39,0.78,2025,50
394,NYM,Road,8,16,34,0.68,2025,50
395,NYM,Road,9,14,36,0.72,2025,50
193,NYM,Total,1,26,71,0.732,2025,97
194,NYM,Total,2,24,73,0.753,2025,97
195,NYM,Total,3,33,64,0.66,2025,97
196,NYM,Total,4,22,75,0.773,2025,97
197,NYM,Total,5,25,72,0.742,2025,97
198,NYM,Total,6,23,74,0.763,2025,97
199,NYM,Total,7,22,75,0.773,2025,97
200,NYM,Total,8,34,63,0.649,2025,97
201,NYM,Total,9,18,52,0.743,2025,70
398,NYY,Home,1,15,34,0.694,2025,49
399,NYY,Home,2,16,33,0.673,2025,49
400,NYY,Home,3,15,34,0.694,2025,49
401,NYY,Home,4,13,36,0.735,2025,49
402,NYY,Home,5,14,35,0.714,2025,49
403,NYY,Home,6,16,32,0.667,2025,48
404,NYY,Home,7,13,35,0.729,2025,48
405,NYY,Home,8,13,35,0.729,2025,48
406,NYY,Home,9,5,16,0.762,2025,21
409,NYY,Road,1,18,29,0.617,2025,47
410,NYY,Road,2,12,35,0.745,2025,47
411,NYY,Road,3,12,35,0.745,2025,47
412,NYY,Road,4,13,34,0.723,2025,47
413,NYY,Road,5,16,31,0.66,2025,47
414,NYY,Road,6,12,35,0.745,2025,47
415,NYY,Road,7,18,29,0.617,2025,47
416,NYY,Road,8,15,32,0.681,2025,47
417,NYY,Road,9,14,33,0.702,2025,47
206,NYY,Total,1,33,63,0.656,2025,96
207,NYY,Total,2,28,68,0.708,2025,96
208,NYY,Total,3,27,69,0.719,2025,96
209,NYY,Total,4,26,70,0.729,2025,96
210,NYY,Total,5,30,66,0.688,2025,96
211,NYY,Total,6,28,67,0.705,2025,95
212,NYY,Total,7,31,64,0.674,2025,95
213,NYY,Total,8,28,67,0.705,2025,95
214,NYY,Total,9,19,49,0.721,2025,68
420,OAK,Home,1,17,34,0.667,2025,51
421,OAK,Home,2,17,34,0.667,2025,51
422,OAK,Home,3,18,33,0.647,2025,51
423,OAK,Home,4,11,40,0.784,2025,51
424,OAK,Home,5,13,38,0.745,2025,51
425,OAK,Home,6,10,41,0.804,2025,51
426,OAK,Home,7,15,36,0.706,2025,51
427,OAK,Home,8,11,40,0.784,2025,51
428,OAK,Home,9,9,28,0.757,2025,37
431,OAK,Road,1,13,34,0.723,2025,47
432,OAK,Road,2,11,36,0.766,2025,47
433,OAK,Road,3,11,36,0.766,2025,47
434,OAK,Road,4,15,32,0.681,2025,47
435,OAK,Road,5,13,34,0.723,2025,47
436,OAK,Road,6,15,32,0.681,2025,47
437,OAK,Road,7,9,38,0.809,2025,47
438,OAK,Road,8,9,38,0.809,2025,47
439,OAK,Road,9,15,32,0.681,2025,47
217,OAK,Total,1,30,68,0.694,2025,98
218,OAK,Total,2,28,70,0.714,2025,98
219,OAK,Total,3,29,69,0.704,2025,98
220,OAK,Total,4,26,72,0.735,2025,98
221,OAK,Total,5,26,72,0.735,2025,98
222,OAK,Total,6,25,73,0.745,2025,98
223,OAK,Total,7,24,74,0.755,2025,98
224,OAK,Total,8,20,78,0.796,2025,98
225,OAK,Total,9,24,60,0.714,2025,84
442,PHI,Home,1,18,28,0.609,2025,46
443,PHI,Home,2,9,37,0.804,2025,46
444,PHI,Home,3,10,36,0.783,2025,46
445,PHI,Home,4,20,26,0.565,2025,46
446,PHI,Home,5,17,29,0.63,2025,46
447,PHI,Home,6,11,35,0.761,2025,46
448,PHI,Home,7,19,27,0.587,2025,46
449,PHI,Home,8,16,30,0.652,2025,46
450,PHI,Home,9,5,13,0.722,2025,18
453,PHI,Road,1,13,37,0.74,2025,50
454,PHI,Road,2,10,40,0.8,2025,50
455,PHI,Road,3,10,40,0.8,2025,50
456,PHI,Road,4,12,38,0.76,2025,50
457,PHI,Road,5,10,40,0.8,2025,50
458,PHI,Road,6,10,40,0.8,2025,50
459,PHI,Road,7,12,38,0.76,2025,50
460,PHI,Road,8,13,37,0.74,2025,50
461,PHI,Road,9,11,39,0.78,2025,50
228,PHI,Total,1,31,65,0.677,2025,96
229,PHI,Total,2,19,77,0.802,2025,96
230,PHI,Total,3,20,76,0.792,2025,96
231,PHI,Total,4,32,64,0.667,2025,96
232,PHI,Total,5,27,69,0.719,2025,96
233,PHI,Total,6,21,75,0.781,2025,96
234,PHI,Total,7,31,65,0.677,2025,96
235,PHI,Total,8,29,67,0.698,2025,96
236,PHI,Total,9,16,52,0.765,2025,68
464,PIT,Home,1,13,34,0.723,2025,47
465,PIT,Home,2,9,38,0.809,2025,47
466,PIT,Home,3,13,34,0.723,2025,47
467,PIT,Home,4,10,37,0.787,2025,47
468,PIT,Home,5,12,35,0.745,2025,47
469,PIT,Home,6,9,38,0.809,2025,47
470,PIT,Home,7,14,33,0.702,2025,47
471,PIT,Home,8,11,36,0.766,2025,47
472,PIT,Home,9,5,21,0.808,2025,26
477,PIT,Road,1,9,41,0.82,2025,50
478,PIT,Road,2,9,41,0.82,2025,50
479,PIT,Road,3,6,44,0.88,2025,50
480,PIT,Road,4,9,41,0.82,2025,50
481,PIT,Road,5,16,34,0.68,2025,50
482,PIT,Road,6,12,38,0.76,2025,50
483,PIT,Road,7,9,41,0.82,2025,50
484,PIT,Road,8,8,42,0.84,2025,50
485,PIT,Road,9,8,42,0.84,2025,50
239,PIT,Total,1,22,75,0.773,2025,97
240,PIT,Total,2,18,79,0.814,2025,97
241,PIT,Total,3,19,78,0.804,2025,97
242,PIT,Total,4,19,78,0.804,2025,97
243,PIT,Total,5,28,69,0.711,2025,97
244,PIT,Total,6,21,76,0.784,2025,97
245,PIT,Total,7,23,74,0.763,2025,97
246,PIT,Total,8,19,78,0.804,2025,97
247,PIT,Total,9,13,63,0.829,2025,76
489,SD,Home,1,12,37,0.755,2025,49
490,SD,Home,2,12,37,0.755,2025,49
491,SD,Home,3,15,34,0.694,2025,49
492,SD,Home,4,13,36,0.735,2025,49
493,SD,Home,5,14,35,0.714,2025,49
494,SD,Home,6,16,33,0.673,2025,49
495,SD,Home,7,23,26,0.531,2025,49
496,SD,Home,8,12,37,0.755,2025,49
497,SD,Home,9,3,19,0.864,2025,22
500,SD,Road,1,14,33,0.702,2025,47
501,SD,Road,2,12,35,0.745,2025,47
502,SD,Road,3,11,36,0.766,2025,47
503,SD,Road,4,12,35,0.745,2025,47
504,SD,Road,5,11,36,0.766,2025,47
505,SD,Road,6,5,42,0.894,2025,47
506,SD,Road,7,14,33,0.702,2025,47
507,SD,Road,8,10,37,0.787,2025,47
508,SD,Road,9,11,36,0.766,2025,47
252,SD,Total,1,26,70,0.729,2025,96
253,SD,Total,2,24,72,0.75,2025,96
254,SD,Total,3,26,70,0.729,2025,96
255,SD,Total,4,25,71,0.74,2025,96
256,SD,Total,5,25,71,0.74,2025,96
257,SD,Total,6,21,75,0.781,2025,96
258,SD,Total,7,37,59,0.615,2025,96
259,SD,Total,8,22,74,0.771,2025,96
260,SD,Total,9,14,55,0.797,2025,69
511,SEA,Home,1,9,37,0.804,2025,46
512,SEA,Home,2,15,31,0.674,2025,46
513,SEA,Home,3,9,37,0.804,2025,46
514,SEA,Home,4,13,33,0.717,2025,46
515,SEA,Home,5,9,37,0.804,2025,46
516,SEA,Home,6,12,34,0.739,2025,46
517,SEA,Home,7,15,31,0.674,2025,46
518,SEA,Home,8,9,37,0.804,2025,46
519,SEA,Home,9,4,22,0.846,2025,26
523,SEA,Road,1,20,30,0.6,2025,50
524,SEA,Road,2,14,36,0.72,2025,50
525,SEA,Road,3,15,35,0.7,2025,50
526,SEA,Road,4,15,35,0.7,2025,50
527,SEA,Road,5,16,34,0.68,2025,50
528,SEA,Road,6,19,31,0.62,2025,50
529,SEA,Road,7,12,38,0.76,2025,50
530,SEA,Road,8,11,39,0.78,2025,50
531,SEA,Road,9,17,33,0.66,2025,50
263,SEA,Total,1,29,67,0.698,2025,96
264,SEA,Total,2,29,67,0.698,2025,96
265,SEA,Total,3,24,72,0.75,2025,96
266,SEA,Total,4,28,68,0.708,2025,96
267,SEA,Total,5,25,71,0.74,2025,96
268,SEA,Total,6,31,65,0.677,2025,96
269,SEA,Total,7,27,69,0.719,2025,96
270,SEA,Total,8,20,76,0.792,2025,96
271,SEA,Total,9,21,55,0.724,2025,76
535,SF,Home,1,11,37,0.771,2025,48
536,SF,Home,2,10,38,0.792,2025,48
537,SF,Home,3,12,36,0.75,2025,48
538,SF,Home,4,13,35,0.729,2025,48
539,SF,Home,5,15,33,0.688,2025,48
540,SF,Home,6,9,39,0.812,2025,48
541,SF,Home,7,7,41,0.854,2025,48
542,SF,Home,8,10,38,0.792,2025,48
543,SF,Home,9,4,25,0.862,2025,29
546,SF,Road,1,15,34,0.694,2025,49
547,SF,Road,2,12,37,0.755,2025,49
548,SF,Road,3,11,38,0.776,2025,49
549,SF,Road,4,13,36,0.735,2025,49
550,SF,Road,5,13,36,0.735,2025,49
551,SF,Road,6,13,36,0.735,2025,49
552,SF,Road,7,8,40,0.833,2025,48
553,SF,Road,8,13,35,0.729,2025,48
554,SF,Road,9,10,38,0.792,2025,48
275,SF,Total,1,26,71,0.732,2025,97
276,SF,Total,2,22,75,0.773,2025,97
277,SF,Total,3,23,74,0.763,2025,97
278,SF,Total,4,26,71,0.732,2025,97
279,SF,Total,5,28,69,0.711,2025,97
280,SF,Total,6,22,75,0.773,2025,97
281,SF,Total,7,15,81,0.844,2025,96
282,SF,Total,8,23,73,0.76,2025,96
283,SF,Total,9,14,63,0.818,2025,77
557,STL,Home,1,13,36,0.735,2025,49
558,STL,Home,2,14,35,0.714,2025,49
559,STL,Home,3,16,33,0.673,2025,49
560,STL,Home,4,11,38,0.776,2025,49
561,STL,Home,5,12,37,0.755,2025,49
562,STL,Home,6,18,31,0.633,2025,49
563,STL,Home,7,14,35,0.714,2025,49
564,STL,Home,8,14,35,0.714,2025,49
565,STL,Home,9,2,22,0.917,2025,24
568,STL,Road,1,15,33,0.688,2025,48
569,STL,Road,2,9,39,0.812,2025,48
570,STL,Road,3,10,38,0.792,2025,48
571,STL,Road,4,16,32,0.667,2025,48
572,STL,Road,5,9,39,0.812,2025,48
573,STL,Road,6,14,34,0.708,2025,48
574,STL,Road,7,10,38,0.792,2025,48
575,STL,Road,8,15,33,0.688,2025,48
576,STL,Road,9,16,32,0.667,2025,48
286,STL,Total,1,28,69,0.711,2025,97
287,STL,Total,2,23,74,0.763,2025,97
288,STL,Total,3,26,71,0.732,2025,97
289,STL,Total,4,27,70,0.722,2025,97
290,STL,Total,5,21,76,0.784,2025,97
291,STL,Total,6,32,65,0.67,2025,97
292,STL,Total,7,24,73,0.753,2025,97
293,STL,Total,8,29,68,0.701,2025,97
294,STL,Total,9,18,54,0.75,2025,72
581,TB,Home,1,17,36,0.679,2025,53
582,TB,Home,2,10,43,0.811,2025,53
583,TB,Home,3,16,37,0.698,2025,53
584,TB,Home,4,23,30,0.566,2025,53
585,TB,Home,5,10,43,0.811,2025,53
586,TB,Home,6,13,40,0.755,2025,53
587,TB,Home,7,12,41,0.774,2025,53
588,TB,Home,8,15,38,0.717,2025,53
589,TB,Home,9,6,24,0.8,2025,30
591,TB,Road,1,7,37,0.841,2025,44
592,TB,Road,2,10,34,0.773,2025,44
593,TB,Road,3,15,29,0.659,2025,44
594,TB,Road,4,17,27,0.614,2025,44
595,TB,Road,5,15,29,0.659,2025,44
596,TB,Road,6,10,34,0.773,2025,44
597,TB,Road,7,11,33,0.75,2025,44
598,TB,Road,8,7,37,0.841,2025,44
599,TB,Road,9,9,35,0.795,2025,44
299,TB,Total,1,24,73,0.753,2025,97
300,TB,Total,2,20,77,0.794,2025,97
301,TB,Total,3,31,66,0.68,2025,97
302,TB,Total,4,40,57,0.588,2025,97
303,TB,Total,5,25,72,0.742,2025,97
304,TB,Total,6,23,74,0.763,2025,97
305,TB,Total,7,23,74,0.763,2025,97
306,TB,Total,8,22,75,0.773,2025,97
307,TB,Total,9,15,59,0.797,2025,74
602,TEX,Home,1,9,36,0.8,2025,45
603,TEX,Home,2,10,35,0.778,2025,45
604,TEX,Home,3,12,33,0.733,2025,45
605,TEX,Home,4,10,35,0.778,2025,45
606,TEX,Home,5,8,37,0.822,2025,45
607,TEX,Home,6,15,30,0.667,2025,45
608,TEX,Home,7,11,34,0.756,2025,45
609,TEX,Home,8,8,37,0.822,2025,45
610,TEX,Home,9,2,21,0.913,2025,23
614,TEX,Road,1,18,34,0.654,2025,52
615,TEX,Road,2,11,41,0.788,2025,52
616,TEX,Road,3,17,35,0.673,2025,52
617,TEX,Road,4,15,37,0.712,2025,52
618,TEX,Road,5,15,37,0.712,2025,52
619,TEX,Road,6,13,39,0.75,2025,52
620,TEX,Road,7,11,41,0.788,2025,52
621,TEX,Road,8,14,38,0.731,2025,52
622,TEX,Road,9,10,42,0.808,2025,52
310,TEX,Total,1,27,70,0.722,2025,97
311,TEX,Total,2,21,76,0.784,2025,97
312,TEX,Total,3,29,68,0.701,2025,97
313,TEX,Total,4,25,72,0.742,2025,97
314,TEX,Total,5,23,74,0.763,2025,97
315,TEX,Total,6,28,69,0.711,2025,97
316,TEX,Total,7,22,75,0.773,2025,97
317,TEX,Total,8,22,75,0.773,2025,97
318,TEX,Total,9,12,63,0.84,2025,75
625,TOR,Home,1,14,34,0.708,2025,48
626,TOR,Home,2,11,37,0.771,2025,48
627,TOR,Home,3,20,28,0.583,2025,48
628,TOR,Home,4,12,36,0.75,2025,48
629,TOR,Home,5,15,33,0.688,2025,48
630,TOR,Home,6,16,32,0.667,2025,48
631,TOR,Home,7,16,32,0.667,2025,48
632,TOR,Home,8,18,30,0.625,2025,48
633,TOR,Home,9,4,19,0.826,2025,23
637,TOR,Road,1,12,36,0.75,2025,48
638,TOR,Road,2,10,38,0.792,2025,48
639,TOR,Road,3,14,34,0.708,2025,48
640,TOR,Road,4,11,37,0.771,2025,48
641,TOR,Road,5,16,32,0.667,2025,48
642,TOR,Road,6,13,35,0.729,2025,48
643,TOR,Road,7,11,37,0.771,2025,48
644,TOR,Road,8,11,36,0.766,2025,47
645,TOR,Road,9,8,39,0.83,2025,47
322,TOR,Total,1,26,70,0.729,2025,96
323,TOR,Total,2,21,75,0.781,2025,96
324,TOR,Total,3,34,62,0.646,2025,96
325,TOR,Total,4,23,73,0.76,2025,96
326,TOR,Total,5,31,65,0.677,2025,96
327,TOR,Total,6,29,67,0.698,2025,96
328,TOR,Total,7,27,69,0.719,2025,96
329,TOR,Total,8,29,66,0.695,2025,95
330,TOR,Total,9,12,58,0.829,2025,70
648,WSH,Home,1,16,30,0.652,2025,46
649,WSH,Home,2,14,32,0.696,2025,46
650,WSH,Home,3,10,36,0.783,2025,46
651,WSH,Home,4,10,36,0.783,2025,46
652,WSH,Home,5,6,40,0.87,2025,46
653,WSH,Home,6,10,36,0.783,2025,46
654,WSH,Home,7,13,33,0.717,2025,46
655,WSH,Home,8,10,36,0.783,2025,46
656,WSH,Home,9,9,23,0.719,2025,32
659,WSH,Road,1,12,38,0.76,2025,50
660,WSH,Road,2,12,38,0.76,2025,50
661,WSH,Road,3,5,45,0.9,2025,50
662,WSH,Road,4,16,34,0.68,2025,50
663,WSH,Road,5,11,39,0.78,2025,50
664,WSH,Road,6,16,34,0.68,2025,50
665,WSH,Road,7,16,34,0.68,2025,50
666,WSH,Road,8,13,37,0.74,2025,50
667,WSH,Road,9,17,33,0.66,2025,50
334,WSH,Total,1,28,68,0.708,2025,96
335,WSH,Total,2,26,70,0.729,2025,96
336,WSH,Total,3,15,81,0.844,2025,96
337,WSH,Total,4,26,70,0.729,2025,96
338,WSH,Total,5,17,79,0.823,2025,96
339,WSH,Total,6,26,70,0.729,2025,96
340,WSH,Total,7,29,67,0.698,2025,96
341,WSH,Total,8,23,73,0.76,2025,96
342,WSH,Total,9,26,56,0.683,2025,82
