,BatterTeam,Split,inning,YRA,NRA,NRA%,Year,Apps
0,ARI,Home,1,20,34,0.63,2025,54
1,ARI,Home,2,14,40,0.741,2025,54
2,ARI,Home,3,19,35,0.648,2025,54
3,ARI,Home,4,19,35,0.648,2025,54
4,ARI,Home,5,23,31,0.574,2025,54
5,ARI,Home,6,14,40,0.741,2025,54
6,ARI,Home,7,13,41,0.759,2025,54
7,ARI,Home,8,18,36,0.667,2025,54
8,ARI,Home,9,10,21,0.677,2025,31
11,ARI,Road,1,14,37,0.725,2025,51
12,ARI,Road,2,18,33,0.647,2025,51
13,ARI,Road,3,17,34,0.667,2025,51
14,ARI,Road,4,17,34,0.667,2025,51
15,ARI,Road,5,18,33,0.647,2025,51
16,ARI,Road,6,9,42,0.824,2025,51
17,ARI,Road,7,12,39,0.765,2025,51
18,ARI,Road,8,14,37,0.725,2025,51
19,ARI,Road,9,14,37,0.725,2025,51
0,ARI,Total,1,34,71,0.676,2025,105
1,ARI,Total,2,32,73,0.695,2025,105
2,ARI,Total,3,36,69,0.657,2025,105
3,ARI,Total,4,36,69,0.657,2025,105
4,ARI,Total,5,41,64,0.61,2025,105
5,ARI,Total,6,23,82,0.781,2025,105
6,ARI,Total,7,25,80,0.762,2025,105
7,ARI,Total,8,32,73,0.695,2025,105
8,ARI,Total,9,24,58,0.707,2025,82
22,ATL,Home,1,16,36,0.692,2025,52
23,ATL,Home,2,9,43,0.827,2025,52
24,ATL,Home,3,15,37,0.712,2025,52
25,ATL,Home,4,11,41,0.788,2025,52
26,ATL,Home,5,14,38,0.731,2025,52
27,ATL,Home,6,16,36,0.692,2025,52
28,ATL,Home,7,11,41,0.788,2025,52
29,ATL,Home,8,10,42,0.808,2025,52
30,ATL,Home,9,7,24,0.774,2025,31
33,ATL,Road,1,15,36,0.706,2025,51
34,ATL,Road,2,14,37,0.725,2025,51
35,ATL,Road,3,13,38,0.745,2025,51
36,ATL,Road,4,14,37,0.725,2025,51
37,ATL,Road,5,12,39,0.765,2025,51
38,ATL,Road,6,11,40,0.784,2025,51
39,ATL,Road,7,12,39,0.765,2025,51
40,ATL,Road,8,14,37,0.725,2025,51
41,ATL,Road,9,14,37,0.725,2025,51
11,ATL,Total,1,31,72,0.699,2025,103
12,ATL,Total,2,23,80,0.777,2025,103
13,ATL,Total,3,28,75,0.728,2025,103
14,ATL,Total,4,25,78,0.757,2025,103
15,ATL,Total,5,26,77,0.748,2025,103
16,ATL,Total,6,27,76,0.738,2025,103
17,ATL,Total,7,23,80,0.777,2025,103
18,ATL,Total,8,24,79,0.767,2025,103
19,ATL,Total,9,21,61,0.744,2025,82
44,BAL,Home,1,12,37,0.755,2025,49
45,BAL,Home,2,15,34,0.694,2025,49
46,BAL,Home,3,18,31,0.633,2025,49
47,BAL,Home,4,8,41,0.837,2025,49
48,BAL,Home,5,12,37,0.755,2025,49
49,BAL,Home,6,16,33,0.673,2025,49
50,BAL,Home,7,16,33,0.673,2025,49
51,BAL,Home,8,15,34,0.694,2025,49
52,BAL,Home,9,5,21,0.808,2025,26
54,BAL,Road,1,16,39,0.709,2025,55
55,BAL,Road,2,9,46,0.836,2025,55
56,BAL,Road,3,15,40,0.727,2025,55
57,BAL,Road,4,13,42,0.764,2025,55
58,BAL,Road,5,13,42,0.764,2025,55
59,BAL,Road,6,15,40,0.727,2025,55
60,BAL,Road,7,14,41,0.745,2025,55
61,BAL,Road,8,8,47,0.855,2025,55
62,BAL,Road,9,8,47,0.855,2025,55
22,BAL,Total,1,28,76,0.731,2025,104
23,BAL,Total,2,24,80,0.769,2025,104
24,BAL,Total,3,33,71,0.683,2025,104
25,BAL,Total,4,21,83,0.798,2025,104
26,BAL,Total,5,25,79,0.76,2025,104
27,BAL,Total,6,31,73,0.702,2025,104
28,BAL,Total,7,30,74,0.712,2025,104
29,BAL,Total,8,23,81,0.779,2025,104
30,BAL,Total,9,13,68,0.84,2025,81
65,BOS,Home,1,18,36,0.667,2025,54
66,BOS,Home,2,15,39,0.722,2025,54
67,BOS,Home,3,16,38,0.704,2025,54
68,BOS,Home,4,11,43,0.796,2025,54
69,BOS,Home,5,20,34,0.63,2025,54
70,BOS,Home,6,18,36,0.667,2025,54
71,BOS,Home,7,18,36,0.667,2025,54
72,BOS,Home,8,18,36,0.667,2025,54
73,BOS,Home,9,5,24,0.828,2025,29
76,BOS,Road,1,15,37,0.712,2025,52
77,BOS,Road,2,14,38,0.731,2025,52
78,BOS,Road,3,15,37,0.712,2025,52
79,BOS,Road,4,15,37,0.712,2025,52
80,BOS,Road,5,13,39,0.75,2025,52
81,BOS,Road,6,15,37,0.712,2025,52
82,BOS,Road,7,11,41,0.788,2025,52
83,BOS,Road,8,9,43,0.827,2025,52
84,BOS,Road,9,13,39,0.75,2025,52
33,BOS,Total,1,33,73,0.689,2025,106
34,BOS,Total,2,29,77,0.726,2025,106
35,BOS,Total,3,31,75,0.708,2025,106
36,BOS,Total,4,26,80,0.755,2025,106
37,BOS,Total,5,33,73,0.689,2025,106
38,BOS,Total,6,33,73,0.689,2025,106
39,BOS,Total,7,29,77,0.726,2025,106
40,BOS,Total,8,27,79,0.745,2025,106
41,BOS,Total,9,18,63,0.778,2025,81
88,CHC,Home,1,17,35,0.673,2025,52
89,CHC,Home,2,22,30,0.577,2025,52
90,CHC,Home,3,15,37,0.712,2025,52
91,CHC,Home,4,14,38,0.731,2025,52
92,CHC,Home,5,19,33,0.635,2025,52
93,CHC,Home,6,10,42,0.808,2025,52
94,CHC,Home,7,14,38,0.731,2025,52
95,CHC,Home,8,15,37,0.712,2025,52
96,CHC,Home,9,4,20,0.833,2025,24
99,CHC,Road,1,15,37,0.712,2025,52
100,CHC,Road,2,13,39,0.75,2025,52
101,CHC,Road,3,11,41,0.788,2025,52
102,CHC,Road,4,20,32,0.615,2025,52
103,CHC,Road,5,13,39,0.75,2025,52
104,CHC,Road,6,16,36,0.692,2025,52
105,CHC,Road,7,20,32,0.615,2025,52
106,CHC,Road,8,20,32,0.615,2025,52
107,CHC,Road,9,14,38,0.731,2025,52
45,CHC,Total,1,32,72,0.692,2025,104
46,CHC,Total,2,35,69,0.663,2025,104
47,CHC,Total,3,26,78,0.75,2025,104
48,CHC,Total,4,34,70,0.673,2025,104
49,CHC,Total,5,32,72,0.692,2025,104
50,CHC,Total,6,26,78,0.75,2025,104
51,CHC,Total,7,34,70,0.673,2025,104
52,CHC,Total,8,35,69,0.663,2025,104
53,CHC,Total,9,18,58,0.763,2025,76
110,CIN,Home,1,20,32,0.615,2025,52
111,CIN,Home,2,12,40,0.769,2025,52
112,CIN,Home,3,16,36,0.692,2025,52
113,CIN,Home,4,14,38,0.731,2025,52
114,CIN,Home,5,14,38,0.731,2025,52
115,CIN,Home,6,17,35,0.673,2025,52
116,CIN,Home,7,16,35,0.686,2025,51
117,CIN,Home,8,8,43,0.843,2025,51
118,CIN,Home,9,6,20,0.769,2025,26
121,CIN,Road,1,12,41,0.774,2025,53
122,CIN,Road,2,7,46,0.868,2025,53
123,CIN,Road,3,17,36,0.679,2025,53
124,CIN,Road,4,19,34,0.642,2025,53
125,CIN,Road,5,19,34,0.642,2025,53
126,CIN,Road,6,16,37,0.698,2025,53
127,CIN,Road,7,8,45,0.849,2025,53
128,CIN,Road,8,19,34,0.642,2025,53
129,CIN,Road,9,17,36,0.679,2025,53
56,CIN,Total,1,32,73,0.695,2025,105
57,CIN,Total,2,19,86,0.819,2025,105
58,CIN,Total,3,33,72,0.686,2025,105
59,CIN,Total,4,33,72,0.686,2025,105
60,CIN,Total,5,33,72,0.686,2025,105
61,CIN,Total,6,33,72,0.686,2025,105
62,CIN,Total,7,24,80,0.769,2025,104
63,CIN,Total,8,27,77,0.74,2025,104
64,CIN,Total,9,23,56,0.709,2025,79
132,CLE,Home,1,13,37,0.74,2025,50
133,CLE,Home,2,5,45,0.9,2025,50
134,CLE,Home,3,12,38,0.76,2025,50
135,CLE,Home,4,19,31,0.62,2025,50
136,CLE,Home,5,9,41,0.82,2025,50
137,CLE,Home,6,16,34,0.68,2025,50
138,CLE,Home,7,12,38,0.76,2025,50
139,CLE,Home,8,9,41,0.82,2025,50
140,CLE,Home,9,4,25,0.862,2025,29
142,CLE,Road,1,13,41,0.759,2025,54
143,CLE,Road,2,9,45,0.833,2025,54
144,CLE,Road,3,18,36,0.667,2025,54
145,CLE,Road,4,15,39,0.722,2025,54
146,CLE,Road,5,13,41,0.759,2025,54
147,CLE,Road,6,15,39,0.722,2025,54
148,CLE,Road,7,13,41,0.759,2025,54
149,CLE,Road,8,12,42,0.778,2025,54
150,CLE,Road,9,13,41,0.759,2025,54
67,CLE,Total,1,26,78,0.75,2025,104
68,CLE,Total,2,14,90,0.865,2025,104
69,CLE,Total,3,30,74,0.712,2025,104
70,CLE,Total,4,34,70,0.673,2025,104
71,CLE,Total,5,22,82,0.788,2025,104
72,CLE,Total,6,31,73,0.702,2025,104
73,CLE,Total,7,25,79,0.76,2025,104
74,CLE,Total,8,21,83,0.798,2025,104
75,CLE,Total,9,17,66,0.795,2025,83
153,COL,Home,1,17,35,0.673,2025,52
154,COL,Home,2,18,34,0.654,2025,52
155,COL,Home,3,21,31,0.596,2025,52
156,COL,Home,4,16,36,0.692,2025,52
157,COL,Home,5,15,37,0.712,2025,52
158,COL,Home,6,10,42,0.808,2025,52
159,COL,Home,7,9,43,0.827,2025,52
160,COL,Home,8,16,36,0.692,2025,52
161,COL,Home,9,12,27,0.692,2025,39
164,COL,Road,1,9,43,0.827,2025,52
165,COL,Road,2,5,47,0.904,2025,52
166,COL,Road,3,12,40,0.769,2025,52
167,COL,Road,4,8,44,0.846,2025,52
168,COL,Road,5,11,41,0.788,2025,52
169,COL,Road,6,13,39,0.75,2025,52
170,COL,Road,7,14,38,0.731,2025,52
171,COL,Road,8,12,40,0.769,2025,52
172,COL,Road,9,8,44,0.846,2025,52
78,COL,Total,1,26,78,0.75,2025,104
79,COL,Total,2,23,81,0.779,2025,104
80,COL,Total,3,33,71,0.683,2025,104
81,COL,Total,4,24,80,0.769,2025,104
82,COL,Total,5,26,78,0.75,2025,104
83,COL,Total,6,23,81,0.779,2025,104
84,COL,Total,7,23,81,0.779,2025,104
85,COL,Total,8,28,76,0.731,2025,104
86,COL,Total,9,20,71,0.78,2025,91
175,CWS,Home,1,15,37,0.712,2025,52
176,CWS,Home,2,14,38,0.731,2025,52
177,CWS,Home,3,9,43,0.827,2025,52
178,CWS,Home,4,14,38,0.731,2025,52
179,CWS,Home,5,11,41,0.788,2025,52
180,CWS,Home,6,14,38,0.731,2025,52
181,CWS,Home,7,11,39,0.78,2025,50
182,CWS,Home,8,15,35,0.7,2025,50
183,CWS,Home,9,4,28,0.875,2025,32
186,CWS,Road,1,17,36,0.679,2025,53
187,CWS,Road,2,11,42,0.792,2025,53
188,CWS,Road,3,9,44,0.83,2025,53
189,CWS,Road,4,16,37,0.698,2025,53
190,CWS,Road,5,12,41,0.774,2025,53
191,CWS,Road,6,14,39,0.736,2025,53
192,CWS,Road,7,12,41,0.774,2025,53
193,CWS,Road,8,10,42,0.808,2025,52
194,CWS,Road,9,11,41,0.788,2025,52
89,CWS,Total,1,32,73,0.695,2025,105
90,CWS,Total,2,25,80,0.762,2025,105
91,CWS,Total,3,18,87,0.829,2025,105
92,CWS,Total,4,30,75,0.714,2025,105
93,CWS,Total,5,23,82,0.781,2025,105
94,CWS,Total,6,28,77,0.733,2025,105
95,CWS,Total,7,23,80,0.777,2025,103
96,CWS,Total,8,25,77,0.755,2025,102
97,CWS,Total,9,15,69,0.821,2025,84
197,DET,Home,1,17,36,0.679,2025,53
198,DET,Home,2,16,37,0.698,2025,53
199,DET,Home,3,14,39,0.736,2025,53
200,DET,Home,4,19,34,0.642,2025,53
201,DET,Home,5,22,31,0.585,2025,53
202,DET,Home,6,12,41,0.774,2025,53
203,DET,Home,7,19,34,0.642,2025,53
204,DET,Home,8,9,44,0.83,2025,53
205,DET,Home,9,5,19,0.792,2025,24
208,DET,Road,1,14,39,0.736,2025,53
209,DET,Road,2,14,39,0.736,2025,53
210,DET,Road,3,15,38,0.717,2025,53
211,DET,Road,4,16,37,0.698,2025,53
212,DET,Road,5,9,44,0.83,2025,53
213,DET,Road,6,7,46,0.868,2025,53
214,DET,Road,7,15,38,0.717,2025,53
215,DET,Road,8,18,35,0.66,2025,53
216,DET,Road,9,12,41,0.774,2025,53
100,DET,Total,1,31,75,0.708,2025,106
101,DET,Total,2,30,76,0.717,2025,106
102,DET,Total,3,29,77,0.726,2025,106
103,DET,Total,4,35,71,0.67,2025,106
104,DET,Total,5,31,75,0.708,2025,106
105,DET,Total,6,19,87,0.821,2025,106
106,DET,Total,7,34,72,0.679,2025,106
107,DET,Total,8,27,79,0.745,2025,106
108,DET,Total,9,17,60,0.779,2025,77
218,HOU,Home,1,12,43,0.782,2025,55
219,HOU,Home,2,10,45,0.818,2025,55
220,HOU,Home,3,17,38,0.691,2025,55
221,HOU,Home,4,14,41,0.745,2025,55
222,HOU,Home,5,17,38,0.691,2025,55
223,HOU,Home,6,17,38,0.691,2025,55
224,HOU,Home,7,11,44,0.8,2025,55
225,HOU,Home,8,17,38,0.691,2025,55
226,HOU,Home,9,3,25,0.893,2025,28
229,HOU,Road,1,11,39,0.78,2025,50
230,HOU,Road,2,11,39,0.78,2025,50
231,HOU,Road,3,11,39,0.78,2025,50
232,HOU,Road,4,8,42,0.84,2025,50
233,HOU,Road,5,12,38,0.76,2025,50
234,HOU,Road,6,18,32,0.64,2025,50
235,HOU,Road,7,14,36,0.72,2025,50
236,HOU,Road,8,15,34,0.694,2025,49
237,HOU,Road,9,11,38,0.776,2025,49
111,HOU,Total,1,23,82,0.781,2025,105
112,HOU,Total,2,21,84,0.8,2025,105
113,HOU,Total,3,28,77,0.733,2025,105
114,HOU,Total,4,22,83,0.79,2025,105
115,HOU,Total,5,29,76,0.724,2025,105
116,HOU,Total,6,35,70,0.667,2025,105
117,HOU,Total,7,25,80,0.762,2025,105
118,HOU,Total,8,32,72,0.692,2025,104
119,HOU,Total,9,14,63,0.818,2025,77
241,KC,Home,1,12,40,0.769,2025,52
242,KC,Home,2,10,42,0.808,2025,52
243,KC,Home,3,10,42,0.808,2025,52
244,KC,Home,4,10,42,0.808,2025,52
245,KC,Home,5,13,39,0.75,2025,52
246,KC,Home,6,11,41,0.788,2025,52
247,KC,Home,7,11,41,0.788,2025,52
248,KC,Home,8,12,40,0.769,2025,52
249,KC,Home,9,9,24,0.727,2025,33
253,KC,Road,1,17,36,0.679,2025,53
254,KC,Road,2,13,40,0.755,2025,53
255,KC,Road,3,11,42,0.792,2025,53
256,KC,Road,4,15,38,0.717,2025,53
257,KC,Road,5,21,32,0.604,2025,53
258,KC,Road,6,7,46,0.868,2025,53
259,KC,Road,7,7,46,0.868,2025,53
260,KC,Road,8,14,39,0.736,2025,53
261,KC,Road,9,10,43,0.811,2025,53
123,KC,Total,1,29,76,0.724,2025,105
124,KC,Total,2,23,82,0.781,2025,105
125,KC,Total,3,21,84,0.8,2025,105
126,KC,Total,4,25,80,0.762,2025,105
127,KC,Total,5,34,71,0.676,2025,105
128,KC,Total,6,18,87,0.829,2025,105
129,KC,Total,7,18,87,0.829,2025,105
130,KC,Total,8,26,79,0.752,2025,105
131,KC,Total,9,19,67,0.779,2025,86
264,LAA,Home,1,16,34,0.68,2025,50
265,LAA,Home,2,12,38,0.76,2025,50
266,LAA,Home,3,10,40,0.8,2025,50
267,LAA,Home,4,17,33,0.66,2025,50
268,LAA,Home,5,13,37,0.74,2025,50
269,LAA,Home,6,11,39,0.78,2025,50
270,LAA,Home,7,13,37,0.74,2025,50
271,LAA,Home,8,11,39,0.78,2025,50
272,LAA,Home,9,7,25,0.781,2025,32
275,LAA,Road,1,22,33,0.6,2025,55
276,LAA,Road,2,16,39,0.709,2025,55
277,LAA,Road,3,16,39,0.709,2025,55
278,LAA,Road,4,14,41,0.745,2025,55
279,LAA,Road,5,15,40,0.727,2025,55
280,LAA,Road,6,11,44,0.8,2025,55
281,LAA,Road,7,17,38,0.691,2025,55
282,LAA,Road,8,12,43,0.782,2025,55
283,LAA,Road,9,12,43,0.782,2025,55
135,LAA,Total,1,38,67,0.638,2025,105
136,LAA,Total,2,28,77,0.733,2025,105
137,LAA,Total,3,26,79,0.752,2025,105
138,LAA,Total,4,31,74,0.705,2025,105
139,LAA,Total,5,28,77,0.733,2025,105
140,LAA,Total,6,22,83,0.79,2025,105
141,LAA,Total,7,30,75,0.714,2025,105
142,LAA,Total,8,23,82,0.781,2025,105
143,LAA,Total,9,19,68,0.782,2025,87
286,LAD,Home,1,22,34,0.607,2025,56
287,LAD,Home,2,21,35,0.625,2025,56
288,LAD,Home,3,16,40,0.714,2025,56
289,LAD,Home,4,14,42,0.75,2025,56
290,LAD,Home,5,15,41,0.732,2025,56
291,LAD,Home,6,24,32,0.571,2025,56
292,LAD,Home,7,16,40,0.714,2025,56
293,LAD,Home,8,15,41,0.732,2025,56
294,LAD,Home,9,9,20,0.69,2025,29
296,LAD,Road,1,14,35,0.714,2025,49
297,LAD,Road,2,13,36,0.735,2025,49
298,LAD,Road,3,11,38,0.776,2025,49
299,LAD,Road,4,11,38,0.776,2025,49
300,LAD,Road,5,14,35,0.714,2025,49
301,LAD,Road,6,18,31,0.633,2025,49
302,LAD,Road,7,16,33,0.673,2025,49
303,LAD,Road,8,11,38,0.776,2025,49
304,LAD,Road,9,13,36,0.735,2025,49
146,LAD,Total,1,36,69,0.657,2025,105
147,LAD,Total,2,34,71,0.676,2025,105
148,LAD,Total,3,27,78,0.743,2025,105
149,LAD,Total,4,25,80,0.762,2025,105
150,LAD,Total,5,29,76,0.724,2025,105
151,LAD,Total,6,42,63,0.6,2025,105
152,LAD,Total,7,32,73,0.695,2025,105
153,LAD,Total,8,26,79,0.752,2025,105
154,LAD,Total,9,22,56,0.718,2025,78
309,MIA,Home,1,15,38,0.717,2025,53
310,MIA,Home,2,14,39,0.736,2025,53
311,MIA,Home,3,11,42,0.792,2025,53
312,MIA,Home,4,9,44,0.83,2025,53
313,MIA,Home,5,15,38,0.717,2025,53
314,MIA,Home,6,16,37,0.698,2025,53
315,MIA,Home,7,12,41,0.774,2025,53
316,MIA,Home,8,10,43,0.811,2025,53
317,MIA,Home,9,7,29,0.806,2025,36
321,MIA,Road,1,13,37,0.74,2025,50
322,MIA,Road,2,10,40,0.8,2025,50
323,MIA,Road,3,13,37,0.74,2025,50
324,MIA,Road,4,11,39,0.78,2025,50
325,MIA,Road,5,16,34,0.68,2025,50
326,MIA,Road,6,12,38,0.76,2025,50
327,MIA,Road,7,17,33,0.66,2025,50
328,MIA,Road,8,19,31,0.62,2025,50
329,MIA,Road,9,9,41,0.82,2025,50
159,MIA,Total,1,28,75,0.728,2025,103
160,MIA,Total,2,24,79,0.767,2025,103
161,MIA,Total,3,24,79,0.767,2025,103
162,MIA,Total,4,20,83,0.806,2025,103
163,MIA,Total,5,31,72,0.699,2025,103
164,MIA,Total,6,28,75,0.728,2025,103
165,MIA,Total,7,29,74,0.718,2025,103
166,MIA,Total,8,29,74,0.718,2025,103
167,MIA,Total,9,16,70,0.814,2025,86
332,MIL,Home,1,6,46,0.885,2025,52
333,MIL,Home,2,11,41,0.788,2025,52
334,MIL,Home,3,15,37,0.712,2025,52
335,MIL,Home,4,19,33,0.635,2025,52
336,MIL,Home,5,16,36,0.692,2025,52
337,MIL,Home,6,9,43,0.827,2025,52
338,MIL,Home,7,11,41,0.788,2025,52
339,MIL,Home,8,12,40,0.769,2025,52
340,MIL,Home,9,7,18,0.72,2025,25
343,MIL,Road,1,16,36,0.692,2025,52
344,MIL,Road,2,14,38,0.731,2025,52
345,MIL,Road,3,12,40,0.769,2025,52
346,MIL,Road,4,19,33,0.635,2025,52
347,MIL,Road,5,14,38,0.731,2025,52
348,MIL,Road,6,18,34,0.654,2025,52
349,MIL,Road,7,10,42,0.808,2025,52
350,MIL,Road,8,16,36,0.692,2025,52
351,MIL,Road,9,14,38,0.731,2025,52
171,MIL,Total,1,22,82,0.788,2025,104
172,MIL,Total,2,25,79,0.76,2025,104
173,MIL,Total,3,27,77,0.74,2025,104
174,MIL,Total,4,38,66,0.635,2025,104
175,MIL,Total,5,30,74,0.712,2025,104
176,MIL,Total,6,27,77,0.74,2025,104
177,MIL,Total,7,21,83,0.798,2025,104
178,MIL,Total,8,28,76,0.731,2025,104
179,MIL,Total,9,21,56,0.727,2025,77
353,MIN,Home,1,16,34,0.68,2025,50
354,MIN,Home,2,12,38,0.76,2025,50
355,MIN,Home,3,12,38,0.76,2025,50
356,MIN,Home,4,13,37,0.74,2025,50
357,MIN,Home,5,15,35,0.7,2025,50
358,MIN,Home,6,21,29,0.58,2025,50
359,MIN,Home,7,11,39,0.78,2025,50
360,MIN,Home,8,9,40,0.816,2025,49
361,MIN,Home,9,3,24,0.889,2025,27
363,MIN,Road,1,14,40,0.741,2025,54
364,MIN,Road,2,14,40,0.741,2025,54
365,MIN,Road,3,10,44,0.815,2025,54
366,MIN,Road,4,18,36,0.667,2025,54
367,MIN,Road,5,11,43,0.796,2025,54
368,MIN,Road,6,16,38,0.704,2025,54
369,MIN,Road,7,13,40,0.755,2025,53
370,MIN,Road,8,14,39,0.736,2025,53
371,MIN,Road,9,18,35,0.66,2025,53
182,MIN,Total,1,30,74,0.712,2025,104
183,MIN,Total,2,26,78,0.75,2025,104
184,MIN,Total,3,22,82,0.788,2025,104
185,MIN,Total,4,31,73,0.702,2025,104
186,MIN,Total,5,26,78,0.75,2025,104
187,MIN,Total,6,37,67,0.644,2025,104
188,MIN,Total,7,24,79,0.767,2025,103
189,MIN,Total,8,23,79,0.775,2025,102
190,MIN,Total,9,21,59,0.738,2025,80
374,NYM,Home,1,18,35,0.66,2025,53
375,NYM,Home,2,14,39,0.736,2025,53
376,NYM,Home,3,21,32,0.604,2025,53
377,NYM,Home,4,16,37,0.698,2025,53
378,NYM,Home,5,13,40,0.755,2025,53
379,NYM,Home,6,10,43,0.811,2025,53
380,NYM,Home,7,12,41,0.774,2025,53
381,NYM,Home,8,20,33,0.623,2025,53
382,NYM,Home,9,5,17,0.773,2025,22
387,NYM,Road,1,12,40,0.769,2025,52
388,NYM,Road,2,12,40,0.769,2025,52
389,NYM,Road,3,15,37,0.712,2025,52
390,NYM,Road,4,9,43,0.827,2025,52
391,NYM,Road,5,14,38,0.731,2025,52
392,NYM,Road,6,14,38,0.731,2025,52
393,NYM,Road,7,11,41,0.788,2025,52
394,NYM,Road,8,16,36,0.692,2025,52
395,NYM,Road,9,15,37,0.712,2025,52
193,NYM,Total,1,30,75,0.714,2025,105
194,NYM,Total,2,26,79,0.752,2025,105
195,NYM,Total,3,36,69,0.657,2025,105
196,NYM,Total,4,25,80,0.762,2025,105
197,NYM,Total,5,27,78,0.743,2025,105
198,NYM,Total,6,24,81,0.771,2025,105
199,NYM,Total,7,23,82,0.781,2025,105
200,NYM,Total,8,36,69,0.657,2025,105
201,NYM,Total,9,20,54,0.73,2025,74
398,NYY,Home,1,16,35,0.686,2025,51
399,NYY,Home,2,17,34,0.667,2025,51
400,NYY,Home,3,15,36,0.706,2025,51
401,NYY,Home,4,14,37,0.725,2025,51
402,NYY,Home,5,14,37,0.725,2025,51
403,NYY,Home,6,17,33,0.66,2025,50
404,NYY,Home,7,15,35,0.7,2025,50
405,NYY,Home,8,14,36,0.72,2025,50
406,NYY,Home,9,5,18,0.783,2025,23
409,NYY,Road,1,20,33,0.623,2025,53
410,NYY,Road,2,13,40,0.755,2025,53
411,NYY,Road,3,12,41,0.774,2025,53
412,NYY,Road,4,14,39,0.736,2025,53
413,NYY,Road,5,19,34,0.642,2025,53
414,NYY,Road,6,15,38,0.717,2025,53
415,NYY,Road,7,21,32,0.604,2025,53
416,NYY,Road,8,16,37,0.698,2025,53
417,NYY,Road,9,16,37,0.698,2025,53
206,NYY,Total,1,36,68,0.654,2025,104
207,NYY,Total,2,30,74,0.712,2025,104
208,NYY,Total,3,27,77,0.74,2025,104
209,NYY,Total,4,28,76,0.731,2025,104
210,NYY,Total,5,33,71,0.683,2025,104
211,NYY,Total,6,32,71,0.689,2025,103
212,NYY,Total,7,36,67,0.65,2025,103
213,NYY,Total,8,30,73,0.709,2025,103
214,NYY,Total,9,21,55,0.724,2025,76
420,OAK,Home,1,17,34,0.667,2025,51
421,OAK,Home,2,17,34,0.667,2025,51
422,OAK,Home,3,18,33,0.647,2025,51
423,OAK,Home,4,11,40,0.784,2025,51
424,OAK,Home,5,13,38,0.745,2025,51
425,OAK,Home,6,10,41,0.804,2025,51
426,OAK,Home,7,15,36,0.706,2025,51
427,OAK,Home,8,11,40,0.784,2025,51
428,OAK,Home,9,9,28,0.757,2025,37
431,OAK,Road,1,16,40,0.714,2025,56
432,OAK,Road,2,13,43,0.768,2025,56
433,OAK,Road,3,12,44,0.786,2025,56
434,OAK,Road,4,19,37,0.661,2025,56
435,OAK,Road,5,16,40,0.714,2025,56
436,OAK,Road,6,21,35,0.625,2025,56
437,OAK,Road,7,10,46,0.821,2025,56
438,OAK,Road,8,13,43,0.768,2025,56
439,OAK,Road,9,19,37,0.661,2025,56
217,OAK,Total,1,33,74,0.692,2025,107
218,OAK,Total,2,30,77,0.72,2025,107
219,OAK,Total,3,30,77,0.72,2025,107
220,OAK,Total,4,30,77,0.72,2025,107
221,OAK,Total,5,29,78,0.729,2025,107
222,OAK,Total,6,31,76,0.71,2025,107
223,OAK,Total,7,25,82,0.766,2025,107
224,OAK,Total,8,24,83,0.776,2025,107
225,OAK,Total,9,28,65,0.699,2025,93
442,PHI,Home,1,22,30,0.577,2025,52
443,PHI,Home,2,11,41,0.788,2025,52
444,PHI,Home,3,12,40,0.769,2025,52
445,PHI,Home,4,22,30,0.577,2025,52
446,PHI,Home,5,18,34,0.654,2025,52
447,PHI,Home,6,13,39,0.75,2025,52
448,PHI,Home,7,19,33,0.635,2025,52
449,PHI,Home,8,19,33,0.635,2025,52
450,PHI,Home,9,5,17,0.773,2025,22
453,PHI,Road,1,14,38,0.731,2025,52
454,PHI,Road,2,10,42,0.808,2025,52
455,PHI,Road,3,11,41,0.788,2025,52
456,PHI,Road,4,13,39,0.75,2025,52
457,PHI,Road,5,11,41,0.788,2025,52
458,PHI,Road,6,11,41,0.788,2025,52
459,PHI,Road,7,14,38,0.731,2025,52
460,PHI,Road,8,14,38,0.731,2025,52
461,PHI,Road,9,12,40,0.769,2025,52
228,PHI,Total,1,36,68,0.654,2025,104
229,PHI,Total,2,21,83,0.798,2025,104
230,PHI,Total,3,23,81,0.779,2025,104
231,PHI,Total,4,35,69,0.663,2025,104
232,PHI,Total,5,29,75,0.721,2025,104
233,PHI,Total,6,24,80,0.769,2025,104
234,PHI,Total,7,33,71,0.683,2025,104
235,PHI,Total,8,33,71,0.683,2025,104
236,PHI,Total,9,17,57,0.77,2025,74
464,PIT,Home,1,14,41,0.745,2025,55
465,PIT,Home,2,14,41,0.745,2025,55
466,PIT,Home,3,15,40,0.727,2025,55
467,PIT,Home,4,13,42,0.764,2025,55
468,PIT,Home,5,13,42,0.764,2025,55
469,PIT,Home,6,10,45,0.818,2025,55
470,PIT,Home,7,14,41,0.745,2025,55
471,PIT,Home,8,11,44,0.8,2025,55
472,PIT,Home,9,6,24,0.8,2025,30
477,PIT,Road,1,9,41,0.82,2025,50
478,PIT,Road,2,9,41,0.82,2025,50
479,PIT,Road,3,6,44,0.88,2025,50
480,PIT,Road,4,9,41,0.82,2025,50
481,PIT,Road,5,16,34,0.68,2025,50
482,PIT,Road,6,12,38,0.76,2025,50
483,PIT,Road,7,9,41,0.82,2025,50
484,PIT,Road,8,8,42,0.84,2025,50
485,PIT,Road,9,8,42,0.84,2025,50
239,PIT,Total,1,23,82,0.781,2025,105
240,PIT,Total,2,23,82,0.781,2025,105
241,PIT,Total,3,21,84,0.8,2025,105
242,PIT,Total,4,22,83,0.79,2025,105
243,PIT,Total,5,29,76,0.724,2025,105
244,PIT,Total,6,22,83,0.79,2025,105
245,PIT,Total,7,23,82,0.781,2025,105
246,PIT,Total,8,19,86,0.819,2025,105
247,PIT,Total,9,14,66,0.825,2025,80
489,SD,Home,1,12,37,0.755,2025,49
490,SD,Home,2,12,37,0.755,2025,49
491,SD,Home,3,15,34,0.694,2025,49
492,SD,Home,4,13,36,0.735,2025,49
493,SD,Home,5,14,35,0.714,2025,49
494,SD,Home,6,16,33,0.673,2025,49
495,SD,Home,7,23,26,0.531,2025,49
496,SD,Home,8,12,37,0.755,2025,49
497,SD,Home,9,3,19,0.864,2025,22
500,SD,Road,1,16,40,0.714,2025,56
501,SD,Road,2,16,40,0.714,2025,56
502,SD,Road,3,15,41,0.732,2025,56
503,SD,Road,4,14,42,0.75,2025,56
504,SD,Road,5,12,44,0.786,2025,56
505,SD,Road,6,5,51,0.911,2025,56
506,SD,Road,7,15,41,0.732,2025,56
507,SD,Road,8,11,45,0.804,2025,56
508,SD,Road,9,14,42,0.75,2025,56
252,SD,Total,1,28,77,0.733,2025,105
253,SD,Total,2,28,77,0.733,2025,105
254,SD,Total,3,30,75,0.714,2025,105
255,SD,Total,4,27,78,0.743,2025,105
256,SD,Total,5,26,79,0.752,2025,105
257,SD,Total,6,21,84,0.8,2025,105
258,SD,Total,7,38,67,0.638,2025,105
259,SD,Total,8,23,82,0.781,2025,105
260,SD,Total,9,17,61,0.782,2025,78
511,SEA,Home,1,9,43,0.827,2025,52
512,SEA,Home,2,17,35,0.673,2025,52
513,SEA,Home,3,11,41,0.788,2025,52
514,SEA,Home,4,15,37,0.712,2025,52
515,SEA,Home,5,9,43,0.827,2025,52
516,SEA,Home,6,13,39,0.75,2025,52
517,SEA,Home,7,16,36,0.692,2025,52
518,SEA,Home,8,11,41,0.788,2025,52
519,SEA,Home,9,4,26,0.867,2025,30
523,SEA,Road,1,21,32,0.604,2025,53
524,SEA,Road,2,14,39,0.736,2025,53
525,SEA,Road,3,16,37,0.698,2025,53
526,SEA,Road,4,16,37,0.698,2025,53
527,SEA,Road,5,17,36,0.679,2025,53
528,SEA,Road,6,21,32,0.604,2025,53
529,SEA,Road,7,12,41,0.774,2025,53
530,SEA,Road,8,13,40,0.755,2025,53
531,SEA,Road,9,17,36,0.679,2025,53
263,SEA,Total,1,30,75,0.714,2025,105
264,SEA,Total,2,31,74,0.705,2025,105
265,SEA,Total,3,27,78,0.743,2025,105
266,SEA,Total,4,31,74,0.705,2025,105
267,SEA,Total,5,26,79,0.752,2025,105
268,SEA,Total,6,34,71,0.676,2025,105
269,SEA,Total,7,28,77,0.733,2025,105
270,SEA,Total,8,24,81,0.771,2025,105
271,SEA,Total,9,21,62,0.747,2025,83
535,SF,Home,1,12,38,0.76,2025,50
536,SF,Home,2,10,40,0.8,2025,50
537,SF,Home,3,12,38,0.76,2025,50
538,SF,Home,4,14,36,0.72,2025,50
539,SF,Home,5,15,35,0.7,2025,50
540,SF,Home,6,9,41,0.82,2025,50
541,SF,Home,7,7,43,0.86,2025,50
542,SF,Home,8,10,40,0.8,2025,50
543,SF,Home,9,4,27,0.871,2025,31
546,SF,Road,1,17,38,0.691,2025,55
547,SF,Road,2,14,41,0.745,2025,55
548,SF,Road,3,11,44,0.8,2025,55
549,SF,Road,4,13,42,0.764,2025,55
550,SF,Road,5,18,37,0.673,2025,55
551,SF,Road,6,16,39,0.709,2025,55
552,SF,Road,7,12,42,0.778,2025,54
553,SF,Road,8,13,41,0.759,2025,54
554,SF,Road,9,11,43,0.796,2025,54
275,SF,Total,1,29,76,0.724,2025,105
276,SF,Total,2,24,81,0.771,2025,105
277,SF,Total,3,23,82,0.781,2025,105
278,SF,Total,4,27,78,0.743,2025,105
279,SF,Total,5,33,72,0.686,2025,105
280,SF,Total,6,25,80,0.762,2025,105
281,SF,Total,7,19,85,0.817,2025,104
282,SF,Total,8,23,81,0.779,2025,104
283,SF,Total,9,15,70,0.824,2025,85
557,STL,Home,1,14,38,0.731,2025,52
558,STL,Home,2,17,35,0.673,2025,52
559,STL,Home,3,16,36,0.692,2025,52
560,STL,Home,4,13,39,0.75,2025,52
561,STL,Home,5,12,40,0.769,2025,52
562,STL,Home,6,19,33,0.635,2025,52
563,STL,Home,7,14,38,0.731,2025,52
564,STL,Home,8,14,38,0.731,2025,52
565,STL,Home,9,2,23,0.92,2025,25
568,STL,Road,1,15,39,0.722,2025,54
569,STL,Road,2,9,45,0.833,2025,54
570,STL,Road,3,11,43,0.796,2025,54
571,STL,Road,4,18,36,0.667,2025,54
572,STL,Road,5,11,43,0.796,2025,54
573,STL,Road,6,16,38,0.704,2025,54
574,STL,Road,7,12,42,0.778,2025,54
575,STL,Road,8,16,38,0.704,2025,54
576,STL,Road,9,18,36,0.667,2025,54
286,STL,Total,1,29,77,0.726,2025,106
287,STL,Total,2,26,80,0.755,2025,106
288,STL,Total,3,27,79,0.745,2025,106
289,STL,Total,4,31,75,0.708,2025,106
290,STL,Total,5,23,83,0.783,2025,106
291,STL,Total,6,35,71,0.67,2025,106
292,STL,Total,7,26,80,0.755,2025,106
293,STL,Total,8,30,76,0.717,2025,106
294,STL,Total,9,20,59,0.747,2025,79
581,TB,Home,1,19,40,0.678,2025,59
582,TB,Home,2,12,47,0.797,2025,59
583,TB,Home,3,18,41,0.695,2025,59
584,TB,Home,4,25,34,0.576,2025,59
585,TB,Home,5,11,48,0.814,2025,59
586,TB,Home,6,15,44,0.746,2025,59
587,TB,Home,7,14,45,0.763,2025,59
588,TB,Home,8,17,42,0.712,2025,59
589,TB,Home,9,7,26,0.788,2025,33
591,TB,Road,1,7,39,0.848,2025,46
592,TB,Road,2,10,36,0.783,2025,46
593,TB,Road,3,16,30,0.652,2025,46
594,TB,Road,4,18,28,0.609,2025,46
595,TB,Road,5,15,31,0.674,2025,46
596,TB,Road,6,11,35,0.761,2025,46
597,TB,Road,7,12,34,0.739,2025,46
598,TB,Road,8,7,39,0.848,2025,46
599,TB,Road,9,9,37,0.804,2025,46
299,TB,Total,1,26,79,0.752,2025,105
300,TB,Total,2,22,83,0.79,2025,105
301,TB,Total,3,34,71,0.676,2025,105
302,TB,Total,4,43,62,0.59,2025,105
303,TB,Total,5,26,79,0.752,2025,105
304,TB,Total,6,26,79,0.752,2025,105
305,TB,Total,7,26,79,0.752,2025,105
306,TB,Total,8,24,81,0.771,2025,105
307,TB,Total,9,16,63,0.797,2025,79
602,TEX,Home,1,10,43,0.811,2025,53
603,TEX,Home,2,13,40,0.755,2025,53
604,TEX,Home,3,15,38,0.717,2025,53
605,TEX,Home,4,12,41,0.774,2025,53
606,TEX,Home,5,11,42,0.792,2025,53
607,TEX,Home,6,16,37,0.698,2025,53
608,TEX,Home,7,15,38,0.717,2025,53
609,TEX,Home,8,10,43,0.811,2025,53
610,TEX,Home,9,3,22,0.88,2025,25
614,TEX,Road,1,18,34,0.654,2025,52
615,TEX,Road,2,11,41,0.788,2025,52
616,TEX,Road,3,17,35,0.673,2025,52
617,TEX,Road,4,15,37,0.712,2025,52
618,TEX,Road,5,15,37,0.712,2025,52
619,TEX,Road,6,13,39,0.75,2025,52
620,TEX,Road,7,11,41,0.788,2025,52
621,TEX,Road,8,14,38,0.731,2025,52
622,TEX,Road,9,10,42,0.808,2025,52
310,TEX,Total,1,28,77,0.733,2025,105
311,TEX,Total,2,24,81,0.771,2025,105
312,TEX,Total,3,32,73,0.695,2025,105
313,TEX,Total,4,27,78,0.743,2025,105
314,TEX,Total,5,26,79,0.752,2025,105
315,TEX,Total,6,29,76,0.724,2025,105
316,TEX,Total,7,26,79,0.752,2025,105
317,TEX,Total,8,24,81,0.771,2025,105
318,TEX,Total,9,13,64,0.831,2025,77
625,TOR,Home,1,16,38,0.704,2025,54
626,TOR,Home,2,12,42,0.778,2025,54
627,TOR,Home,3,21,33,0.611,2025,54
628,TOR,Home,4,13,41,0.759,2025,54
629,TOR,Home,5,19,35,0.648,2025,54
630,TOR,Home,6,20,34,0.63,2025,54
631,TOR,Home,7,17,37,0.685,2025,54
632,TOR,Home,8,19,35,0.648,2025,54
633,TOR,Home,9,4,20,0.833,2025,24
637,TOR,Road,1,12,39,0.765,2025,51
638,TOR,Road,2,10,41,0.804,2025,51
639,TOR,Road,3,14,37,0.725,2025,51
640,TOR,Road,4,12,39,0.765,2025,51
641,TOR,Road,5,17,34,0.667,2025,51
642,TOR,Road,6,14,37,0.725,2025,51
643,TOR,Road,7,12,39,0.765,2025,51
644,TOR,Road,8,13,37,0.74,2025,50
645,TOR,Road,9,9,41,0.82,2025,50
322,TOR,Total,1,28,77,0.733,2025,105
323,TOR,Total,2,22,83,0.79,2025,105
324,TOR,Total,3,35,70,0.667,2025,105
325,TOR,Total,4,25,80,0.762,2025,105
326,TOR,Total,5,36,69,0.657,2025,105
327,TOR,Total,6,34,71,0.676,2025,105
328,TOR,Total,7,29,76,0.724,2025,105
329,TOR,Total,8,32,72,0.692,2025,104
330,TOR,Total,9,13,61,0.824,2025,74
648,WSH,Home,1,17,35,0.673,2025,52
649,WSH,Home,2,15,37,0.712,2025,52
650,WSH,Home,3,11,41,0.788,2025,52
651,WSH,Home,4,12,40,0.769,2025,52
652,WSH,Home,5,9,43,0.827,2025,52
653,WSH,Home,6,13,39,0.75,2025,52
654,WSH,Home,7,13,39,0.75,2025,52
655,WSH,Home,8,11,41,0.788,2025,52
656,WSH,Home,9,9,26,0.743,2025,35
659,WSH,Road,1,12,40,0.769,2025,52
660,WSH,Road,2,12,40,0.769,2025,52
661,WSH,Road,3,6,46,0.885,2025,52
662,WSH,Road,4,17,35,0.673,2025,52
663,WSH,Road,5,12,40,0.769,2025,52
664,WSH,Road,6,16,36,0.692,2025,52
665,WSH,Road,7,17,35,0.673,2025,52
666,WSH,Road,8,14,38,0.731,2025,52
667,WSH,Road,9,17,35,0.673,2025,52
334,WSH,Total,1,29,75,0.721,2025,104
335,WSH,Total,2,27,77,0.74,2025,104
336,WSH,Total,3,17,87,0.837,2025,104
337,WSH,Total,4,29,75,0.721,2025,104
338,WSH,Total,5,21,83,0.798,2025,104
339,WSH,Total,6,29,75,0.721,2025,104
340,WSH,Total,7,30,74,0.712,2025,104
341,WSH,Total,8,25,79,0.76,2025,104
342,WSH,Total,9,26,61,0.701,2025,87
