,BatterTeam,Split,inning,YRA,NRA,NRA%,Year,Apps
0,ARI,Home,1,22,34,0.607,2025,56
1,ARI,Home,2,15,41,0.732,2025,56
2,ARI,Home,3,20,36,0.643,2025,56
3,ARI,Home,4,21,35,0.625,2025,56
4,ARI,Home,5,23,33,0.589,2025,56
5,ARI,Home,6,14,42,0.75,2025,56
6,ARI,Home,7,13,43,0.768,2025,56
7,ARI,Home,8,20,36,0.643,2025,56
8,ARI,Home,9,10,22,0.688,2025,32
11,ARI,Road,1,16,42,0.724,2025,58
12,ARI,Road,2,20,38,0.655,2025,58
13,ARI,Road,3,18,40,0.69,2025,58
14,ARI,Road,4,18,40,0.69,2025,58
15,ARI,Road,5,19,39,0.672,2025,58
16,ARI,Road,6,10,48,0.828,2025,58
17,ARI,Road,7,15,43,0.741,2025,58
18,ARI,Road,8,15,43,0.741,2025,58
19,ARI,Road,9,17,41,0.707,2025,58
0,ARI,Total,1,38,76,0.667,2025,114
1,ARI,Total,2,35,79,0.693,2025,114
2,ARI,Total,3,38,76,0.667,2025,114
3,ARI,Total,4,39,75,0.658,2025,114
4,ARI,Total,5,42,72,0.632,2025,114
5,ARI,Total,6,24,90,0.789,2025,114
6,ARI,Total,7,28,86,0.754,2025,114
7,ARI,Total,8,35,79,0.693,2025,114
8,ARI,Total,9,27,63,0.7,2025,90
22,ATL,Home,1,17,37,0.685,2025,54
23,ATL,Home,2,9,45,0.833,2025,54
24,ATL,Home,3,15,39,0.722,2025,54
25,ATL,Home,4,12,42,0.778,2025,54
26,ATL,Home,5,14,40,0.741,2025,54
27,ATL,Home,6,16,38,0.704,2025,54
28,ATL,Home,7,12,42,0.778,2025,54
29,ATL,Home,8,10,44,0.815,2025,54
30,ATL,Home,9,7,26,0.788,2025,33
33,ATL,Road,1,15,42,0.737,2025,57
34,ATL,Road,2,15,42,0.737,2025,57
35,ATL,Road,3,14,43,0.754,2025,57
36,ATL,Road,4,16,41,0.719,2025,57
37,ATL,Road,5,12,45,0.789,2025,57
38,ATL,Road,6,13,44,0.772,2025,57
39,ATL,Road,7,14,43,0.754,2025,57
40,ATL,Road,8,17,40,0.702,2025,57
41,ATL,Road,9,16,41,0.719,2025,57
11,ATL,Total,1,32,79,0.712,2025,111
12,ATL,Total,2,24,87,0.784,2025,111
13,ATL,Total,3,29,82,0.739,2025,111
14,ATL,Total,4,28,83,0.748,2025,111
15,ATL,Total,5,26,85,0.766,2025,111
16,ATL,Total,6,29,82,0.739,2025,111
17,ATL,Total,7,26,85,0.766,2025,111
18,ATL,Total,8,27,84,0.757,2025,111
19,ATL,Total,9,23,67,0.744,2025,90
44,BAL,Home,1,14,40,0.741,2025,54
45,BAL,Home,2,17,37,0.685,2025,54
46,BAL,Home,3,21,33,0.611,2025,54
47,BAL,Home,4,9,45,0.833,2025,54
48,BAL,Home,5,14,40,0.741,2025,54
49,BAL,Home,6,17,37,0.685,2025,54
50,BAL,Home,7,19,35,0.648,2025,54
51,BAL,Home,8,18,36,0.667,2025,54
52,BAL,Home,9,5,22,0.815,2025,27
54,BAL,Road,1,16,44,0.733,2025,60
55,BAL,Road,2,10,50,0.833,2025,60
56,BAL,Road,3,17,43,0.717,2025,60
57,BAL,Road,4,14,46,0.767,2025,60
58,BAL,Road,5,13,47,0.783,2025,60
59,BAL,Road,6,15,45,0.75,2025,60
60,BAL,Road,7,14,46,0.767,2025,60
61,BAL,Road,8,9,51,0.85,2025,60
62,BAL,Road,9,9,51,0.85,2025,60
22,BAL,Total,1,30,84,0.737,2025,114
23,BAL,Total,2,27,87,0.763,2025,114
24,BAL,Total,3,38,76,0.667,2025,114
25,BAL,Total,4,23,91,0.798,2025,114
26,BAL,Total,5,27,87,0.763,2025,114
27,BAL,Total,6,32,82,0.719,2025,114
28,BAL,Total,7,33,81,0.711,2025,114
29,BAL,Total,8,27,87,0.763,2025,114
30,BAL,Total,9,14,73,0.839,2025,87
65,BOS,Home,1,21,39,0.65,2025,60
66,BOS,Home,2,15,45,0.75,2025,60
67,BOS,Home,3,19,41,0.683,2025,60
68,BOS,Home,4,14,46,0.767,2025,60
69,BOS,Home,5,21,39,0.65,2025,60
70,BOS,Home,6,19,41,0.683,2025,60
71,BOS,Home,7,22,38,0.633,2025,60
72,BOS,Home,8,18,42,0.7,2025,60
73,BOS,Home,9,5,25,0.833,2025,30
76,BOS,Road,1,15,40,0.727,2025,55
77,BOS,Road,2,15,40,0.727,2025,55
78,BOS,Road,3,17,38,0.691,2025,55
79,BOS,Road,4,15,40,0.727,2025,55
80,BOS,Road,5,16,39,0.709,2025,55
81,BOS,Road,6,17,38,0.691,2025,55
82,BOS,Road,7,11,44,0.8,2025,55
83,BOS,Road,8,9,46,0.836,2025,55
84,BOS,Road,9,16,39,0.709,2025,55
33,BOS,Total,1,36,79,0.687,2025,115
34,BOS,Total,2,30,85,0.739,2025,115
35,BOS,Total,3,36,79,0.687,2025,115
36,BOS,Total,4,29,86,0.748,2025,115
37,BOS,Total,5,37,78,0.678,2025,115
38,BOS,Total,6,36,79,0.687,2025,115
39,BOS,Total,7,33,82,0.713,2025,115
40,BOS,Total,8,27,88,0.765,2025,115
41,BOS,Total,9,21,64,0.753,2025,85
88,CHC,Home,1,18,39,0.684,2025,57
89,CHC,Home,2,24,33,0.579,2025,57
90,CHC,Home,3,16,41,0.719,2025,57
91,CHC,Home,4,15,42,0.737,2025,57
92,CHC,Home,5,20,37,0.649,2025,57
93,CHC,Home,6,11,46,0.807,2025,57
94,CHC,Home,7,14,43,0.754,2025,57
95,CHC,Home,8,15,42,0.737,2025,57
96,CHC,Home,9,4,24,0.857,2025,28
99,CHC,Road,1,18,38,0.679,2025,56
100,CHC,Road,2,14,42,0.75,2025,56
101,CHC,Road,3,12,44,0.786,2025,56
102,CHC,Road,4,20,36,0.643,2025,56
103,CHC,Road,5,13,43,0.768,2025,56
104,CHC,Road,6,19,37,0.661,2025,56
105,CHC,Road,7,22,34,0.607,2025,56
106,CHC,Road,8,21,35,0.625,2025,56
107,CHC,Road,9,15,41,0.732,2025,56
45,CHC,Total,1,36,77,0.681,2025,113
46,CHC,Total,2,38,75,0.664,2025,113
47,CHC,Total,3,28,85,0.752,2025,113
48,CHC,Total,4,35,78,0.69,2025,113
49,CHC,Total,5,33,80,0.708,2025,113
50,CHC,Total,6,30,83,0.735,2025,113
51,CHC,Total,7,36,77,0.681,2025,113
52,CHC,Total,8,36,77,0.681,2025,113
53,CHC,Total,9,19,65,0.774,2025,84
110,CIN,Home,1,23,35,0.603,2025,58
111,CIN,Home,2,13,45,0.776,2025,58
112,CIN,Home,3,17,41,0.707,2025,58
113,CIN,Home,4,16,42,0.724,2025,58
114,CIN,Home,5,15,43,0.741,2025,58
115,CIN,Home,6,18,40,0.69,2025,58
116,CIN,Home,7,17,40,0.702,2025,57
117,CIN,Home,8,10,47,0.825,2025,57
118,CIN,Home,9,7,22,0.759,2025,29
121,CIN,Road,1,12,43,0.782,2025,55
122,CIN,Road,2,8,47,0.855,2025,55
123,CIN,Road,3,17,38,0.691,2025,55
124,CIN,Road,4,19,36,0.655,2025,55
125,CIN,Road,5,20,35,0.636,2025,55
126,CIN,Road,6,17,38,0.691,2025,55
127,CIN,Road,7,10,45,0.818,2025,55
128,CIN,Road,8,19,36,0.655,2025,55
129,CIN,Road,9,17,38,0.691,2025,55
56,CIN,Total,1,35,78,0.69,2025,113
57,CIN,Total,2,21,92,0.814,2025,113
58,CIN,Total,3,34,79,0.699,2025,113
59,CIN,Total,4,35,78,0.69,2025,113
60,CIN,Total,5,35,78,0.69,2025,113
61,CIN,Total,6,35,78,0.69,2025,113
62,CIN,Total,7,27,85,0.759,2025,112
63,CIN,Total,8,29,83,0.741,2025,112
64,CIN,Total,9,24,60,0.714,2025,84
132,CLE,Home,1,17,39,0.696,2025,56
133,CLE,Home,2,8,48,0.857,2025,56
134,CLE,Home,3,14,42,0.75,2025,56
135,CLE,Home,4,21,35,0.625,2025,56
136,CLE,Home,5,11,45,0.804,2025,56
137,CLE,Home,6,17,39,0.696,2025,56
138,CLE,Home,7,13,43,0.768,2025,56
139,CLE,Home,8,11,45,0.804,2025,56
140,CLE,Home,9,6,26,0.812,2025,32
142,CLE,Road,1,13,44,0.772,2025,57
143,CLE,Road,2,9,48,0.842,2025,57
144,CLE,Road,3,18,39,0.684,2025,57
145,CLE,Road,4,16,41,0.719,2025,57
146,CLE,Road,5,13,44,0.772,2025,57
147,CLE,Road,6,16,41,0.719,2025,57
148,CLE,Road,7,15,42,0.737,2025,57
149,CLE,Road,8,12,45,0.789,2025,57
150,CLE,Road,9,13,44,0.772,2025,57
67,CLE,Total,1,30,83,0.735,2025,113
68,CLE,Total,2,17,96,0.85,2025,113
69,CLE,Total,3,32,81,0.717,2025,113
70,CLE,Total,4,37,76,0.673,2025,113
71,CLE,Total,5,24,89,0.788,2025,113
72,CLE,Total,6,33,80,0.708,2025,113
73,CLE,Total,7,28,85,0.752,2025,113
74,CLE,Total,8,23,90,0.796,2025,113
75,CLE,Total,9,19,70,0.787,2025,89
153,COL,Home,1,19,38,0.667,2025,57
154,COL,Home,2,18,39,0.684,2025,57
155,COL,Home,3,22,35,0.614,2025,57
156,COL,Home,4,18,39,0.684,2025,57
157,COL,Home,5,17,40,0.702,2025,57
158,COL,Home,6,13,44,0.772,2025,57
159,COL,Home,7,10,47,0.825,2025,57
160,COL,Home,8,18,39,0.684,2025,57
161,COL,Home,9,13,30,0.698,2025,43
164,COL,Road,1,9,47,0.839,2025,56
165,COL,Road,2,6,50,0.893,2025,56
166,COL,Road,3,13,43,0.768,2025,56
167,COL,Road,4,9,47,0.839,2025,56
168,COL,Road,5,12,44,0.786,2025,56
169,COL,Road,6,14,42,0.75,2025,56
170,COL,Road,7,15,41,0.732,2025,56
171,COL,Road,8,14,42,0.75,2025,56
172,COL,Road,9,10,46,0.821,2025,56
78,COL,Total,1,28,85,0.752,2025,113
79,COL,Total,2,24,89,0.788,2025,113
80,COL,Total,3,35,78,0.69,2025,113
81,COL,Total,4,27,86,0.761,2025,113
82,COL,Total,5,29,84,0.743,2025,113
83,COL,Total,6,27,86,0.761,2025,113
84,COL,Total,7,25,88,0.779,2025,113
85,COL,Total,8,32,81,0.717,2025,113
86,COL,Total,9,23,76,0.768,2025,99
175,CWS,Home,1,16,40,0.714,2025,56
176,CWS,Home,2,15,41,0.732,2025,56
177,CWS,Home,3,10,46,0.821,2025,56
178,CWS,Home,4,16,40,0.714,2025,56
179,CWS,Home,5,11,45,0.804,2025,56
180,CWS,Home,6,14,42,0.75,2025,56
181,CWS,Home,7,12,42,0.778,2025,54
182,CWS,Home,8,17,37,0.685,2025,54
183,CWS,Home,9,5,29,0.853,2025,34
186,CWS,Road,1,19,38,0.667,2025,57
187,CWS,Road,2,13,44,0.772,2025,57
188,CWS,Road,3,10,47,0.825,2025,57
189,CWS,Road,4,17,40,0.702,2025,57
190,CWS,Road,5,12,45,0.789,2025,57
191,CWS,Road,6,15,42,0.737,2025,57
192,CWS,Road,7,12,45,0.789,2025,57
193,CWS,Road,8,11,45,0.804,2025,56
194,CWS,Road,9,13,43,0.768,2025,56
89,CWS,Total,1,35,78,0.69,2025,113
90,CWS,Total,2,28,85,0.752,2025,113
91,CWS,Total,3,20,93,0.823,2025,113
92,CWS,Total,4,33,80,0.708,2025,113
93,CWS,Total,5,23,90,0.796,2025,113
94,CWS,Total,6,29,84,0.743,2025,113
95,CWS,Total,7,24,87,0.784,2025,111
96,CWS,Total,8,28,82,0.745,2025,110
97,CWS,Total,9,18,72,0.8,2025,90
197,DET,Home,1,18,41,0.695,2025,59
198,DET,Home,2,17,42,0.712,2025,59
199,DET,Home,3,17,42,0.712,2025,59
200,DET,Home,4,21,38,0.644,2025,59
201,DET,Home,5,25,34,0.576,2025,59
202,DET,Home,6,16,43,0.729,2025,59
203,DET,Home,7,20,39,0.661,2025,59
204,DET,Home,8,12,47,0.797,2025,59
205,DET,Home,9,5,20,0.8,2025,25
208,DET,Road,1,14,42,0.75,2025,56
209,DET,Road,2,14,42,0.75,2025,56
210,DET,Road,3,17,39,0.696,2025,56
211,DET,Road,4,16,40,0.714,2025,56
212,DET,Road,5,9,47,0.839,2025,56
213,DET,Road,6,7,49,0.875,2025,56
214,DET,Road,7,16,40,0.714,2025,56
215,DET,Road,8,20,36,0.643,2025,56
216,DET,Road,9,12,44,0.786,2025,56
100,DET,Total,1,32,83,0.722,2025,115
101,DET,Total,2,31,84,0.73,2025,115
102,DET,Total,3,34,81,0.704,2025,115
103,DET,Total,4,37,78,0.678,2025,115
104,DET,Total,5,34,81,0.704,2025,115
105,DET,Total,6,23,92,0.8,2025,115
106,DET,Total,7,36,79,0.687,2025,115
107,DET,Total,8,32,83,0.722,2025,115
108,DET,Total,9,17,64,0.79,2025,81
218,HOU,Home,1,14,45,0.763,2025,59
219,HOU,Home,2,11,48,0.814,2025,59
220,HOU,Home,3,17,42,0.712,2025,59
221,HOU,Home,4,15,44,0.746,2025,59
222,HOU,Home,5,19,40,0.678,2025,59
223,HOU,Home,6,19,40,0.678,2025,59
224,HOU,Home,7,12,47,0.797,2025,59
225,HOU,Home,8,17,42,0.712,2025,59
226,HOU,Home,9,4,26,0.867,2025,30
229,HOU,Road,1,13,42,0.764,2025,55
230,HOU,Road,2,12,43,0.782,2025,55
231,HOU,Road,3,11,44,0.8,2025,55
232,HOU,Road,4,11,44,0.8,2025,55
233,HOU,Road,5,14,41,0.745,2025,55
234,HOU,Road,6,18,37,0.673,2025,55
235,HOU,Road,7,15,40,0.727,2025,55
236,HOU,Road,8,16,38,0.704,2025,54
237,HOU,Road,9,11,43,0.796,2025,54
111,HOU,Total,1,27,87,0.763,2025,114
112,HOU,Total,2,23,91,0.798,2025,114
113,HOU,Total,3,28,86,0.754,2025,114
114,HOU,Total,4,26,88,0.772,2025,114
115,HOU,Total,5,33,81,0.711,2025,114
116,HOU,Total,6,37,77,0.675,2025,114
117,HOU,Total,7,27,87,0.763,2025,114
118,HOU,Total,8,33,80,0.708,2025,113
119,HOU,Total,9,15,69,0.821,2025,84
241,KC,Home,1,15,41,0.732,2025,56
242,KC,Home,2,11,45,0.804,2025,56
243,KC,Home,3,10,46,0.821,2025,56
244,KC,Home,4,11,45,0.804,2025,56
245,KC,Home,5,14,42,0.75,2025,56
246,KC,Home,6,12,44,0.786,2025,56
247,KC,Home,7,12,44,0.786,2025,56
248,KC,Home,8,13,43,0.768,2025,56
249,KC,Home,9,10,25,0.714,2025,35
253,KC,Road,1,17,41,0.707,2025,58
254,KC,Road,2,14,44,0.759,2025,58
255,KC,Road,3,12,46,0.793,2025,58
256,KC,Road,4,18,40,0.69,2025,58
257,KC,Road,5,21,37,0.638,2025,58
258,KC,Road,6,8,50,0.862,2025,58
259,KC,Road,7,9,49,0.845,2025,58
260,KC,Road,8,16,42,0.724,2025,58
261,KC,Road,9,11,47,0.81,2025,58
123,KC,Total,1,32,82,0.719,2025,114
124,KC,Total,2,25,89,0.781,2025,114
125,KC,Total,3,22,92,0.807,2025,114
126,KC,Total,4,29,85,0.746,2025,114
127,KC,Total,5,35,79,0.693,2025,114
128,KC,Total,6,20,94,0.825,2025,114
129,KC,Total,7,21,93,0.816,2025,114
130,KC,Total,8,29,85,0.746,2025,114
131,KC,Total,9,21,72,0.774,2025,93
264,LAA,Home,1,17,42,0.712,2025,59
265,LAA,Home,2,13,46,0.78,2025,59
266,LAA,Home,3,12,47,0.797,2025,59
267,LAA,Home,4,19,40,0.678,2025,59
268,LAA,Home,5,17,42,0.712,2025,59
269,LAA,Home,6,16,43,0.729,2025,59
270,LAA,Home,7,15,44,0.746,2025,59
271,LAA,Home,8,13,46,0.78,2025,59
272,LAA,Home,9,7,30,0.811,2025,37
275,LAA,Road,1,22,33,0.6,2025,55
276,LAA,Road,2,16,39,0.709,2025,55
277,LAA,Road,3,16,39,0.709,2025,55
278,LAA,Road,4,14,41,0.745,2025,55
279,LAA,Road,5,15,40,0.727,2025,55
280,LAA,Road,6,11,44,0.8,2025,55
281,LAA,Road,7,17,38,0.691,2025,55
282,LAA,Road,8,12,43,0.782,2025,55
283,LAA,Road,9,12,43,0.782,2025,55
135,LAA,Total,1,39,75,0.658,2025,114
136,LAA,Total,2,29,85,0.746,2025,114
137,LAA,Total,3,28,86,0.754,2025,114
138,LAA,Total,4,33,81,0.711,2025,114
139,LAA,Total,5,32,82,0.719,2025,114
140,LAA,Total,6,27,87,0.763,2025,114
141,LAA,Total,7,32,82,0.719,2025,114
142,LAA,Total,8,25,89,0.781,2025,114
143,LAA,Total,9,19,73,0.793,2025,92
286,LAD,Home,1,23,35,0.603,2025,58
287,LAD,Home,2,21,37,0.638,2025,58
288,LAD,Home,3,17,41,0.707,2025,58
289,LAD,Home,4,15,43,0.741,2025,58
290,LAD,Home,5,15,43,0.741,2025,58
291,LAD,Home,6,24,34,0.586,2025,58
292,LAD,Home,7,17,41,0.707,2025,58
293,LAD,Home,8,17,41,0.707,2025,58
294,LAD,Home,9,9,21,0.7,2025,30
296,LAD,Road,1,16,40,0.714,2025,56
297,LAD,Road,2,14,42,0.75,2025,56
298,LAD,Road,3,12,44,0.786,2025,56
299,LAD,Road,4,14,42,0.75,2025,56
300,LAD,Road,5,16,40,0.714,2025,56
301,LAD,Road,6,19,37,0.661,2025,56
302,LAD,Road,7,19,37,0.661,2025,56
303,LAD,Road,8,11,45,0.804,2025,56
304,LAD,Road,9,15,41,0.732,2025,56
146,LAD,Total,1,39,75,0.658,2025,114
147,LAD,Total,2,35,79,0.693,2025,114
148,LAD,Total,3,29,85,0.746,2025,114
149,LAD,Total,4,29,85,0.746,2025,114
150,LAD,Total,5,31,83,0.728,2025,114
151,LAD,Total,6,43,71,0.623,2025,114
152,LAD,Total,7,36,78,0.684,2025,114
153,LAD,Total,8,28,86,0.754,2025,114
154,LAD,Total,9,24,62,0.721,2025,86
309,MIA,Home,1,16,42,0.724,2025,58
310,MIA,Home,2,16,42,0.724,2025,58
311,MIA,Home,3,11,47,0.81,2025,58
312,MIA,Home,4,11,47,0.81,2025,58
313,MIA,Home,5,17,41,0.707,2025,58
314,MIA,Home,6,16,42,0.724,2025,58
315,MIA,Home,7,16,42,0.724,2025,58
316,MIA,Home,8,10,48,0.828,2025,58
317,MIA,Home,9,8,31,0.795,2025,39
321,MIA,Road,1,14,40,0.741,2025,54
322,MIA,Road,2,11,43,0.796,2025,54
323,MIA,Road,3,14,40,0.741,2025,54
324,MIA,Road,4,12,42,0.778,2025,54
325,MIA,Road,5,17,37,0.685,2025,54
326,MIA,Road,6,13,41,0.759,2025,54
327,MIA,Road,7,17,37,0.685,2025,54
328,MIA,Road,8,19,35,0.648,2025,54
329,MIA,Road,9,10,44,0.815,2025,54
159,MIA,Total,1,30,82,0.732,2025,112
160,MIA,Total,2,27,85,0.759,2025,112
161,MIA,Total,3,25,87,0.777,2025,112
162,MIA,Total,4,23,89,0.795,2025,112
163,MIA,Total,5,34,78,0.696,2025,112
164,MIA,Total,6,29,83,0.741,2025,112
165,MIA,Total,7,33,79,0.705,2025,112
166,MIA,Total,8,29,83,0.741,2025,112
167,MIA,Total,9,18,75,0.806,2025,93
332,MIL,Home,1,7,49,0.875,2025,56
333,MIL,Home,2,12,44,0.786,2025,56
334,MIL,Home,3,18,38,0.679,2025,56
335,MIL,Home,4,20,36,0.643,2025,56
336,MIL,Home,5,19,37,0.661,2025,56
337,MIL,Home,6,11,45,0.804,2025,56
338,MIL,Home,7,12,44,0.786,2025,56
339,MIL,Home,8,13,43,0.768,2025,56
340,MIL,Home,9,7,20,0.741,2025,27
343,MIL,Road,1,18,39,0.684,2025,57
344,MIL,Road,2,17,40,0.702,2025,57
345,MIL,Road,3,15,42,0.737,2025,57
346,MIL,Road,4,20,37,0.649,2025,57
347,MIL,Road,5,15,42,0.737,2025,57
348,MIL,Road,6,20,37,0.649,2025,57
349,MIL,Road,7,13,44,0.772,2025,57
350,MIL,Road,8,19,38,0.667,2025,57
351,MIL,Road,9,15,42,0.737,2025,57
171,MIL,Total,1,25,88,0.779,2025,113
172,MIL,Total,2,29,84,0.743,2025,113
173,MIL,Total,3,33,80,0.708,2025,113
174,MIL,Total,4,40,73,0.646,2025,113
175,MIL,Total,5,34,79,0.699,2025,113
176,MIL,Total,6,31,82,0.726,2025,113
177,MIL,Total,7,25,88,0.779,2025,113
178,MIL,Total,8,32,81,0.717,2025,113
179,MIL,Total,9,22,62,0.738,2025,84
353,MIN,Home,1,16,38,0.704,2025,54
354,MIN,Home,2,14,40,0.741,2025,54
355,MIN,Home,3,14,40,0.741,2025,54
356,MIN,Home,4,13,41,0.759,2025,54
357,MIN,Home,5,16,38,0.704,2025,54
358,MIN,Home,6,22,32,0.593,2025,54
359,MIN,Home,7,12,42,0.778,2025,54
360,MIN,Home,8,9,44,0.83,2025,53
361,MIN,Home,9,4,27,0.871,2025,31
363,MIN,Road,1,17,42,0.712,2025,59
364,MIN,Road,2,14,45,0.763,2025,59
365,MIN,Road,3,10,49,0.831,2025,59
366,MIN,Road,4,20,39,0.661,2025,59
367,MIN,Road,5,14,45,0.763,2025,59
368,MIN,Road,6,17,42,0.712,2025,59
369,MIN,Road,7,14,44,0.759,2025,58
370,MIN,Road,8,15,43,0.741,2025,58
371,MIN,Road,9,18,40,0.69,2025,58
182,MIN,Total,1,33,80,0.708,2025,113
183,MIN,Total,2,28,85,0.752,2025,113
184,MIN,Total,3,24,89,0.788,2025,113
185,MIN,Total,4,33,80,0.708,2025,113
186,MIN,Total,5,30,83,0.735,2025,113
187,MIN,Total,6,39,74,0.655,2025,113
188,MIN,Total,7,26,86,0.768,2025,112
189,MIN,Total,8,24,87,0.784,2025,111
190,MIN,Total,9,22,67,0.753,2025,89
374,NYM,Home,1,21,37,0.638,2025,58
375,NYM,Home,2,15,43,0.741,2025,58
376,NYM,Home,3,21,37,0.638,2025,58
377,NYM,Home,4,17,41,0.707,2025,58
378,NYM,Home,5,14,44,0.759,2025,58
379,NYM,Home,6,12,46,0.793,2025,58
380,NYM,Home,7,14,44,0.759,2025,58
381,NYM,Home,8,23,35,0.603,2025,58
382,NYM,Home,9,6,20,0.769,2025,26
387,NYM,Road,1,12,44,0.786,2025,56
388,NYM,Road,2,13,43,0.768,2025,56
389,NYM,Road,3,16,40,0.714,2025,56
390,NYM,Road,4,9,47,0.839,2025,56
391,NYM,Road,5,17,39,0.696,2025,56
392,NYM,Road,6,14,42,0.75,2025,56
393,NYM,Road,7,12,44,0.786,2025,56
394,NYM,Road,8,16,40,0.714,2025,56
395,NYM,Road,9,17,39,0.696,2025,56
193,NYM,Total,1,33,81,0.711,2025,114
194,NYM,Total,2,28,86,0.754,2025,114
195,NYM,Total,3,37,77,0.675,2025,114
196,NYM,Total,4,26,88,0.772,2025,114
197,NYM,Total,5,31,83,0.728,2025,114
198,NYM,Total,6,26,88,0.772,2025,114
199,NYM,Total,7,26,88,0.772,2025,114
200,NYM,Total,8,39,75,0.658,2025,114
201,NYM,Total,9,23,59,0.72,2025,82
398,NYY,Home,1,18,38,0.679,2025,56
399,NYY,Home,2,19,37,0.661,2025,56
400,NYY,Home,3,17,39,0.696,2025,56
401,NYY,Home,4,15,41,0.732,2025,56
402,NYY,Home,5,14,42,0.75,2025,56
403,NYY,Home,6,17,38,0.691,2025,55
404,NYY,Home,7,15,40,0.727,2025,55
405,NYY,Home,8,16,39,0.709,2025,55
406,NYY,Home,9,6,19,0.76,2025,25
409,NYY,Road,1,22,36,0.621,2025,58
410,NYY,Road,2,14,44,0.759,2025,58
411,NYY,Road,3,12,46,0.793,2025,58
412,NYY,Road,4,16,42,0.724,2025,58
413,NYY,Road,5,20,38,0.655,2025,58
414,NYY,Road,6,15,43,0.741,2025,58
415,NYY,Road,7,23,35,0.603,2025,58
416,NYY,Road,8,17,41,0.707,2025,58
417,NYY,Road,9,17,41,0.707,2025,58
206,NYY,Total,1,40,74,0.649,2025,114
207,NYY,Total,2,33,81,0.711,2025,114
208,NYY,Total,3,29,85,0.746,2025,114
209,NYY,Total,4,31,83,0.728,2025,114
210,NYY,Total,5,34,80,0.702,2025,114
211,NYY,Total,6,32,81,0.717,2025,113
212,NYY,Total,7,38,75,0.664,2025,113
213,NYY,Total,8,33,80,0.708,2025,113
214,NYY,Total,9,23,60,0.723,2025,83
420,OAK,Home,1,19,38,0.667,2025,57
421,OAK,Home,2,17,40,0.702,2025,57
422,OAK,Home,3,20,37,0.649,2025,57
423,OAK,Home,4,13,44,0.772,2025,57
424,OAK,Home,5,16,41,0.719,2025,57
425,OAK,Home,6,11,46,0.807,2025,57
426,OAK,Home,7,17,40,0.702,2025,57
427,OAK,Home,8,11,46,0.807,2025,57
428,OAK,Home,9,10,30,0.75,2025,40
431,OAK,Road,1,18,40,0.69,2025,58
432,OAK,Road,2,13,45,0.776,2025,58
433,OAK,Road,3,13,45,0.776,2025,58
434,OAK,Road,4,21,37,0.638,2025,58
435,OAK,Road,5,17,41,0.707,2025,58
436,OAK,Road,6,21,37,0.638,2025,58
437,OAK,Road,7,11,47,0.81,2025,58
438,OAK,Road,8,14,44,0.759,2025,58
439,OAK,Road,9,20,38,0.655,2025,58
217,OAK,Total,1,37,78,0.678,2025,115
218,OAK,Total,2,30,85,0.739,2025,115
219,OAK,Total,3,33,82,0.713,2025,115
220,OAK,Total,4,34,81,0.704,2025,115
221,OAK,Total,5,33,82,0.713,2025,115
222,OAK,Total,6,32,83,0.722,2025,115
223,OAK,Total,7,28,87,0.757,2025,115
224,OAK,Total,8,25,90,0.783,2025,115
225,OAK,Total,9,30,68,0.694,2025,98
442,PHI,Home,1,23,34,0.596,2025,57
443,PHI,Home,2,13,44,0.772,2025,57
444,PHI,Home,3,13,44,0.772,2025,57
445,PHI,Home,4,23,34,0.596,2025,57
446,PHI,Home,5,18,39,0.684,2025,57
447,PHI,Home,6,14,43,0.754,2025,57
448,PHI,Home,7,21,36,0.632,2025,57
449,PHI,Home,8,24,33,0.579,2025,57
450,PHI,Home,9,5,18,0.783,2025,23
453,PHI,Road,1,14,42,0.75,2025,56
454,PHI,Road,2,12,44,0.786,2025,56
455,PHI,Road,3,13,43,0.768,2025,56
456,PHI,Road,4,14,42,0.75,2025,56
457,PHI,Road,5,12,44,0.786,2025,56
458,PHI,Road,6,11,45,0.804,2025,56
459,PHI,Road,7,14,42,0.75,2025,56
460,PHI,Road,8,14,42,0.75,2025,56
461,PHI,Road,9,13,43,0.768,2025,56
228,PHI,Total,1,37,76,0.673,2025,113
229,PHI,Total,2,25,88,0.779,2025,113
230,PHI,Total,3,26,87,0.77,2025,113
231,PHI,Total,4,37,76,0.673,2025,113
232,PHI,Total,5,30,83,0.735,2025,113
233,PHI,Total,6,25,88,0.779,2025,113
234,PHI,Total,7,35,78,0.69,2025,113
235,PHI,Total,8,38,75,0.664,2025,113
236,PHI,Total,9,18,61,0.772,2025,79
464,PIT,Home,1,15,43,0.741,2025,58
465,PIT,Home,2,15,43,0.741,2025,58
466,PIT,Home,3,17,41,0.707,2025,58
467,PIT,Home,4,13,45,0.776,2025,58
468,PIT,Home,5,13,45,0.776,2025,58
469,PIT,Home,6,11,47,0.81,2025,58
470,PIT,Home,7,15,43,0.741,2025,58
471,PIT,Home,8,12,46,0.793,2025,58
472,PIT,Home,9,7,25,0.781,2025,32
477,PIT,Road,1,13,43,0.768,2025,56
478,PIT,Road,2,11,45,0.804,2025,56
479,PIT,Road,3,6,50,0.893,2025,56
480,PIT,Road,4,10,46,0.821,2025,56
481,PIT,Road,5,20,36,0.643,2025,56
482,PIT,Road,6,14,42,0.75,2025,56
483,PIT,Road,7,10,46,0.821,2025,56
484,PIT,Road,8,10,46,0.821,2025,56
485,PIT,Road,9,9,47,0.839,2025,56
239,PIT,Total,1,28,86,0.754,2025,114
240,PIT,Total,2,26,88,0.772,2025,114
241,PIT,Total,3,23,91,0.798,2025,114
242,PIT,Total,4,23,91,0.798,2025,114
243,PIT,Total,5,33,81,0.711,2025,114
244,PIT,Total,6,25,89,0.781,2025,114
245,PIT,Total,7,25,89,0.781,2025,114
246,PIT,Total,8,22,92,0.807,2025,114
247,PIT,Total,9,16,72,0.818,2025,88
489,SD,Home,1,14,41,0.745,2025,55
490,SD,Home,2,14,41,0.745,2025,55
491,SD,Home,3,18,37,0.673,2025,55
492,SD,Home,4,14,41,0.745,2025,55
493,SD,Home,5,16,39,0.709,2025,55
494,SD,Home,6,17,38,0.691,2025,55
495,SD,Home,7,25,30,0.545,2025,55
496,SD,Home,8,14,41,0.745,2025,55
497,SD,Home,9,4,20,0.833,2025,24
500,SD,Road,1,17,42,0.712,2025,59
501,SD,Road,2,17,42,0.712,2025,59
502,SD,Road,3,17,42,0.712,2025,59
503,SD,Road,4,15,44,0.746,2025,59
504,SD,Road,5,12,47,0.797,2025,59
505,SD,Road,6,7,52,0.881,2025,59
506,SD,Road,7,17,42,0.712,2025,59
507,SD,Road,8,12,47,0.797,2025,59
508,SD,Road,9,14,45,0.763,2025,59
252,SD,Total,1,31,83,0.728,2025,114
253,SD,Total,2,31,83,0.728,2025,114
254,SD,Total,3,35,79,0.693,2025,114
255,SD,Total,4,29,85,0.746,2025,114
256,SD,Total,5,28,86,0.754,2025,114
257,SD,Total,6,24,90,0.789,2025,114
258,SD,Total,7,42,72,0.632,2025,114
259,SD,Total,8,26,88,0.772,2025,114
260,SD,Total,9,18,65,0.783,2025,83
511,SEA,Home,1,9,48,0.842,2025,57
512,SEA,Home,2,20,37,0.649,2025,57
513,SEA,Home,3,12,45,0.789,2025,57
514,SEA,Home,4,18,39,0.684,2025,57
515,SEA,Home,5,11,46,0.807,2025,57
516,SEA,Home,6,16,41,0.719,2025,57
517,SEA,Home,7,17,40,0.702,2025,57
518,SEA,Home,8,11,46,0.807,2025,57
519,SEA,Home,9,4,28,0.875,2025,32
523,SEA,Road,1,22,35,0.614,2025,57
524,SEA,Road,2,15,42,0.737,2025,57
525,SEA,Road,3,16,41,0.719,2025,57
526,SEA,Road,4,18,39,0.684,2025,57
527,SEA,Road,5,18,39,0.684,2025,57
528,SEA,Road,6,21,36,0.632,2025,57
529,SEA,Road,7,14,43,0.754,2025,57
530,SEA,Road,8,13,44,0.772,2025,57
531,SEA,Road,9,18,39,0.684,2025,57
263,SEA,Total,1,31,83,0.728,2025,114
264,SEA,Total,2,35,79,0.693,2025,114
265,SEA,Total,3,28,86,0.754,2025,114
266,SEA,Total,4,36,78,0.684,2025,114
267,SEA,Total,5,29,85,0.746,2025,114
268,SEA,Total,6,37,77,0.675,2025,114
269,SEA,Total,7,31,83,0.728,2025,114
270,SEA,Total,8,24,90,0.789,2025,114
271,SEA,Total,9,22,67,0.753,2025,89
535,SF,Home,1,13,41,0.759,2025,54
536,SF,Home,2,11,43,0.796,2025,54
537,SF,Home,3,12,42,0.778,2025,54
538,SF,Home,4,18,36,0.667,2025,54
539,SF,Home,5,16,38,0.704,2025,54
540,SF,Home,6,9,45,0.833,2025,54
541,SF,Home,7,7,47,0.87,2025,54
542,SF,Home,8,10,44,0.815,2025,54
543,SF,Home,9,5,30,0.857,2025,35
546,SF,Road,1,18,42,0.7,2025,60
547,SF,Road,2,16,44,0.733,2025,60
548,SF,Road,3,14,46,0.767,2025,60
549,SF,Road,4,16,44,0.733,2025,60
550,SF,Road,5,20,40,0.667,2025,60
551,SF,Road,6,17,43,0.717,2025,60
552,SF,Road,7,13,46,0.78,2025,59
553,SF,Road,8,13,46,0.78,2025,59
554,SF,Road,9,13,46,0.78,2025,59
275,SF,Total,1,31,83,0.728,2025,114
276,SF,Total,2,27,87,0.763,2025,114
277,SF,Total,3,26,88,0.772,2025,114
278,SF,Total,4,34,80,0.702,2025,114
279,SF,Total,5,36,78,0.684,2025,114
280,SF,Total,6,26,88,0.772,2025,114
281,SF,Total,7,20,93,0.823,2025,113
282,SF,Total,8,23,90,0.796,2025,113
283,SF,Total,9,18,76,0.809,2025,94
557,STL,Home,1,14,42,0.75,2025,56
558,STL,Home,2,17,39,0.696,2025,56
559,STL,Home,3,17,39,0.696,2025,56
560,STL,Home,4,14,42,0.75,2025,56
561,STL,Home,5,12,44,0.786,2025,56
562,STL,Home,6,20,36,0.643,2025,56
563,STL,Home,7,15,41,0.732,2025,56
564,STL,Home,8,14,42,0.75,2025,56
565,STL,Home,9,2,26,0.929,2025,28
568,STL,Road,1,15,44,0.746,2025,59
569,STL,Road,2,11,48,0.814,2025,59
570,STL,Road,3,11,48,0.814,2025,59
571,STL,Road,4,19,40,0.678,2025,59
572,STL,Road,5,13,46,0.78,2025,59
573,STL,Road,6,16,43,0.729,2025,59
574,STL,Road,7,13,46,0.78,2025,59
575,STL,Road,8,18,41,0.695,2025,59
576,STL,Road,9,22,37,0.627,2025,59
286,STL,Total,1,29,86,0.748,2025,115
287,STL,Total,2,28,87,0.757,2025,115
288,STL,Total,3,28,87,0.757,2025,115
289,STL,Total,4,33,82,0.713,2025,115
290,STL,Total,5,25,90,0.783,2025,115
291,STL,Total,6,36,79,0.687,2025,115
292,STL,Total,7,28,87,0.757,2025,115
293,STL,Total,8,32,83,0.722,2025,115
294,STL,Total,9,24,63,0.724,2025,87
581,TB,Home,1,20,42,0.677,2025,62
582,TB,Home,2,12,50,0.806,2025,62
583,TB,Home,3,19,43,0.694,2025,62
584,TB,Home,4,25,37,0.597,2025,62
585,TB,Home,5,11,51,0.823,2025,62
586,TB,Home,6,16,46,0.742,2025,62
587,TB,Home,7,14,48,0.774,2025,62
588,TB,Home,8,17,45,0.726,2025,62
589,TB,Home,9,7,28,0.8,2025,35
591,TB,Road,1,10,43,0.811,2025,53
592,TB,Road,2,10,43,0.811,2025,53
593,TB,Road,3,18,35,0.66,2025,53
594,TB,Road,4,20,33,0.623,2025,53
595,TB,Road,5,16,37,0.698,2025,53
596,TB,Road,6,11,42,0.792,2025,53
597,TB,Road,7,13,40,0.755,2025,53
598,TB,Road,8,9,44,0.83,2025,53
599,TB,Road,9,11,42,0.792,2025,53
299,TB,Total,1,30,85,0.739,2025,115
300,TB,Total,2,22,93,0.809,2025,115
301,TB,Total,3,37,78,0.678,2025,115
302,TB,Total,4,45,70,0.609,2025,115
303,TB,Total,5,27,88,0.765,2025,115
304,TB,Total,6,27,88,0.765,2025,115
305,TB,Total,7,27,88,0.765,2025,115
306,TB,Total,8,26,89,0.774,2025,115
307,TB,Total,9,18,70,0.795,2025,88
602,TEX,Home,1,11,45,0.804,2025,56
603,TEX,Home,2,15,41,0.732,2025,56
604,TEX,Home,3,16,40,0.714,2025,56
605,TEX,Home,4,12,44,0.786,2025,56
606,TEX,Home,5,11,45,0.804,2025,56
607,TEX,Home,6,16,40,0.714,2025,56
608,TEX,Home,7,15,41,0.732,2025,56
609,TEX,Home,8,11,45,0.804,2025,56
610,TEX,Home,9,4,22,0.846,2025,26
614,TEX,Road,1,18,41,0.695,2025,59
615,TEX,Road,2,11,48,0.814,2025,59
616,TEX,Road,3,20,39,0.661,2025,59
617,TEX,Road,4,18,41,0.695,2025,59
618,TEX,Road,5,17,42,0.712,2025,59
619,TEX,Road,6,17,42,0.712,2025,59
620,TEX,Road,7,11,48,0.814,2025,59
621,TEX,Road,8,17,42,0.712,2025,59
622,TEX,Road,9,10,49,0.831,2025,59
310,TEX,Total,1,29,86,0.748,2025,115
311,TEX,Total,2,26,89,0.774,2025,115
312,TEX,Total,3,36,79,0.687,2025,115
313,TEX,Total,4,30,85,0.739,2025,115
314,TEX,Total,5,28,87,0.757,2025,115
315,TEX,Total,6,33,82,0.713,2025,115
316,TEX,Total,7,26,89,0.774,2025,115
317,TEX,Total,8,28,87,0.757,2025,115
318,TEX,Total,9,14,71,0.835,2025,85
625,TOR,Home,1,17,40,0.702,2025,57
626,TOR,Home,2,12,45,0.789,2025,57
627,TOR,Home,3,22,35,0.614,2025,57
628,TOR,Home,4,13,44,0.772,2025,57
629,TOR,Home,5,20,37,0.649,2025,57
630,TOR,Home,6,20,37,0.649,2025,57
631,TOR,Home,7,18,39,0.684,2025,57
632,TOR,Home,8,19,38,0.667,2025,57
633,TOR,Home,9,5,21,0.808,2025,26
637,TOR,Road,1,13,45,0.776,2025,58
638,TOR,Road,2,13,45,0.776,2025,58
639,TOR,Road,3,18,40,0.69,2025,58
640,TOR,Road,4,16,42,0.724,2025,58
641,TOR,Road,5,18,40,0.69,2025,58
642,TOR,Road,6,16,42,0.724,2025,58
643,TOR,Road,7,14,44,0.759,2025,58
644,TOR,Road,8,14,43,0.754,2025,57
645,TOR,Road,9,12,45,0.789,2025,57
322,TOR,Total,1,30,85,0.739,2025,115
323,TOR,Total,2,25,90,0.783,2025,115
324,TOR,Total,3,40,75,0.652,2025,115
325,TOR,Total,4,29,86,0.748,2025,115
326,TOR,Total,5,38,77,0.67,2025,115
327,TOR,Total,6,36,79,0.687,2025,115
328,TOR,Total,7,32,83,0.722,2025,115
329,TOR,Total,8,33,81,0.711,2025,114
330,TOR,Total,9,17,66,0.795,2025,83
648,WSH,Home,1,18,38,0.679,2025,56
649,WSH,Home,2,15,41,0.732,2025,56
650,WSH,Home,3,13,43,0.768,2025,56
651,WSH,Home,4,12,44,0.786,2025,56
652,WSH,Home,5,10,46,0.821,2025,56
653,WSH,Home,6,15,41,0.732,2025,56
654,WSH,Home,7,13,43,0.768,2025,56
655,WSH,Home,8,11,45,0.804,2025,56
656,WSH,Home,9,12,27,0.692,2025,39
659,WSH,Road,1,13,43,0.768,2025,56
660,WSH,Road,2,13,43,0.768,2025,56
661,WSH,Road,3,8,48,0.857,2025,56
662,WSH,Road,4,18,38,0.679,2025,56
663,WSH,Road,5,13,43,0.768,2025,56
664,WSH,Road,6,17,39,0.696,2025,56
665,WSH,Road,7,19,37,0.661,2025,56
666,WSH,Road,8,15,41,0.732,2025,56
667,WSH,Road,9,17,39,0.696,2025,56
334,WSH,Total,1,31,81,0.723,2025,112
335,WSH,Total,2,28,84,0.75,2025,112
336,WSH,Total,3,21,91,0.812,2025,112
337,WSH,Total,4,30,82,0.732,2025,112
338,WSH,Total,5,23,89,0.795,2025,112
339,WSH,Total,6,32,80,0.714,2025,112
340,WSH,Total,7,32,80,0.714,2025,112
341,WSH,Total,8,26,86,0.768,2025,112
342,WSH,Total,9,29,66,0.695,2025,95
