,BatterTeam,Split,inning,YRA,NRA,NRA%,Year,Apps
0,ARI,Home,1,33,39,0.542,2025,72
1,ARI,Home,2,22,50,0.694,2025,72
2,ARI,Home,3,25,47,0.653,2025,72
3,ARI,Home,4,26,46,0.639,2025,72
4,ARI,Home,5,29,43,0.597,2025,72
5,ARI,Home,6,17,55,0.764,2025,72
6,ARI,Home,7,18,54,0.75,2025,72
7,ARI,Home,8,22,50,0.694,2025,72
8,ARI,Home,9,12,28,0.7,2025,40
11,ARI,Road,1,20,58,0.744,2025,78
12,ARI,Road,2,26,52,0.667,2025,78
13,ARI,Road,3,24,54,0.692,2025,78
14,ARI,Road,4,25,53,0.679,2025,78
15,ARI,Road,5,23,55,0.705,2025,78
16,ARI,Road,6,18,60,0.769,2025,78
17,ARI,Road,7,22,56,0.718,2025,78
18,ARI,Road,8,20,58,0.744,2025,78
19,ARI,Road,9,22,56,0.718,2025,78
0,ARI,Total,1,53,97,0.647,2025,150
1,ARI,Total,2,48,102,0.68,2025,150
2,ARI,Total,3,49,101,0.673,2025,150
3,ARI,Total,4,51,99,0.66,2025,150
4,ARI,Total,5,52,98,0.653,2025,150
5,ARI,Total,6,35,115,0.767,2025,150
6,ARI,Total,7,40,110,0.733,2025,150
7,ARI,Total,8,42,108,0.72,2025,150
8,ARI,Total,9,34,84,0.712,2025,118
22,ATL,Home,1,23,52,0.693,2025,75
23,ATL,Home,2,11,64,0.853,2025,75
24,ATL,Home,3,19,56,0.747,2025,75
25,ATL,Home,4,21,54,0.72,2025,75
26,ATL,Home,5,20,55,0.733,2025,75
27,ATL,Home,6,25,50,0.667,2025,75
28,ATL,Home,7,18,57,0.76,2025,75
29,ATL,Home,8,18,57,0.76,2025,75
30,ATL,Home,9,10,34,0.773,2025,44
33,ATL,Road,1,20,54,0.73,2025,74
34,ATL,Road,2,19,55,0.743,2025,74
35,ATL,Road,3,15,59,0.797,2025,74
36,ATL,Road,4,24,50,0.676,2025,74
37,ATL,Road,5,16,58,0.784,2025,74
38,ATL,Road,6,20,54,0.73,2025,74
39,ATL,Road,7,17,57,0.77,2025,74
40,ATL,Road,8,20,54,0.73,2025,74
41,ATL,Road,9,20,54,0.73,2025,74
11,ATL,Total,1,43,106,0.711,2025,149
12,ATL,Total,2,30,119,0.799,2025,149
13,ATL,Total,3,34,115,0.772,2025,149
14,ATL,Total,4,45,104,0.698,2025,149
15,ATL,Total,5,36,113,0.758,2025,149
16,ATL,Total,6,45,104,0.698,2025,149
17,ATL,Total,7,35,114,0.765,2025,149
18,ATL,Total,8,38,111,0.745,2025,149
19,ATL,Total,9,30,88,0.746,2025,118
44,BAL,Home,1,20,54,0.73,2025,74
45,BAL,Home,2,22,52,0.703,2025,74
46,BAL,Home,3,23,51,0.689,2025,74
47,BAL,Home,4,12,62,0.838,2025,74
48,BAL,Home,5,19,55,0.743,2025,74
49,BAL,Home,6,22,52,0.703,2025,74
50,BAL,Home,7,25,49,0.662,2025,74
51,BAL,Home,8,21,53,0.716,2025,74
52,BAL,Home,9,6,37,0.86,2025,43
55,BAL,Road,1,20,55,0.733,2025,75
56,BAL,Road,2,12,63,0.84,2025,75
57,BAL,Road,3,23,52,0.693,2025,75
58,BAL,Road,4,18,57,0.76,2025,75
59,BAL,Road,5,20,55,0.733,2025,75
60,BAL,Road,6,15,60,0.8,2025,75
61,BAL,Road,7,21,54,0.72,2025,75
62,BAL,Road,8,16,59,0.787,2025,75
63,BAL,Road,9,13,62,0.827,2025,75
22,BAL,Total,1,40,109,0.732,2025,149
23,BAL,Total,2,34,115,0.772,2025,149
24,BAL,Total,3,46,103,0.691,2025,149
25,BAL,Total,4,30,119,0.799,2025,149
26,BAL,Total,5,39,110,0.738,2025,149
27,BAL,Total,6,37,112,0.752,2025,149
28,BAL,Total,7,46,103,0.691,2025,149
29,BAL,Total,8,37,112,0.752,2025,149
30,BAL,Total,9,19,99,0.839,2025,118
67,BOS,Home,1,25,50,0.667,2025,75
68,BOS,Home,2,17,58,0.773,2025,75
69,BOS,Home,3,23,52,0.693,2025,75
70,BOS,Home,4,19,56,0.747,2025,75
71,BOS,Home,5,25,50,0.667,2025,75
72,BOS,Home,6,25,50,0.667,2025,75
73,BOS,Home,7,25,50,0.667,2025,75
74,BOS,Home,8,21,54,0.72,2025,75
75,BOS,Home,9,7,33,0.825,2025,40
78,BOS,Road,1,22,53,0.707,2025,75
79,BOS,Road,2,22,53,0.707,2025,75
80,BOS,Road,3,23,52,0.693,2025,75
81,BOS,Road,4,20,55,0.733,2025,75
82,BOS,Road,5,21,54,0.72,2025,75
83,BOS,Road,6,20,55,0.733,2025,75
84,BOS,Road,7,17,58,0.773,2025,75
85,BOS,Road,8,16,59,0.787,2025,75
86,BOS,Road,9,25,50,0.667,2025,75
34,BOS,Total,1,47,103,0.687,2025,150
35,BOS,Total,2,39,111,0.74,2025,150
36,BOS,Total,3,46,104,0.693,2025,150
37,BOS,Total,4,39,111,0.74,2025,150
38,BOS,Total,5,46,104,0.693,2025,150
39,BOS,Total,6,45,105,0.7,2025,150
40,BOS,Total,7,42,108,0.72,2025,150
41,BOS,Total,8,37,113,0.753,2025,150
42,BOS,Total,9,32,83,0.722,2025,115
90,CHC,Home,1,21,54,0.72,2025,75
91,CHC,Home,2,32,43,0.573,2025,75
92,CHC,Home,3,21,54,0.72,2025,75
93,CHC,Home,4,20,55,0.733,2025,75
94,CHC,Home,5,25,50,0.667,2025,75
95,CHC,Home,6,18,57,0.76,2025,75
96,CHC,Home,7,18,57,0.76,2025,75
97,CHC,Home,8,22,53,0.707,2025,75
98,CHC,Home,9,4,32,0.889,2025,36
101,CHC,Road,1,23,51,0.689,2025,74
102,CHC,Road,2,18,56,0.757,2025,74
103,CHC,Road,3,19,55,0.743,2025,74
104,CHC,Road,4,26,48,0.649,2025,74
105,CHC,Road,5,21,53,0.716,2025,74
106,CHC,Road,6,23,51,0.689,2025,74
107,CHC,Road,7,26,48,0.649,2025,74
108,CHC,Road,8,24,50,0.676,2025,74
109,CHC,Road,9,16,58,0.784,2025,74
46,CHC,Total,1,44,105,0.705,2025,149
47,CHC,Total,2,50,99,0.664,2025,149
48,CHC,Total,3,40,109,0.732,2025,149
49,CHC,Total,4,46,103,0.691,2025,149
50,CHC,Total,5,46,103,0.691,2025,149
51,CHC,Total,6,41,108,0.725,2025,149
52,CHC,Total,7,44,105,0.705,2025,149
53,CHC,Total,8,46,103,0.691,2025,149
54,CHC,Total,9,20,90,0.818,2025,110
112,CIN,Home,1,29,45,0.608,2025,74
113,CIN,Home,2,20,54,0.73,2025,74
114,CIN,Home,3,20,54,0.73,2025,74
115,CIN,Home,4,21,53,0.716,2025,74
116,CIN,Home,5,16,58,0.784,2025,74
117,CIN,Home,6,23,51,0.689,2025,74
118,CIN,Home,7,24,49,0.671,2025,73
119,CIN,Home,8,14,59,0.808,2025,73
120,CIN,Home,9,9,31,0.775,2025,40
123,CIN,Road,1,17,58,0.773,2025,75
124,CIN,Road,2,14,61,0.813,2025,75
125,CIN,Road,3,21,54,0.72,2025,75
126,CIN,Road,4,22,53,0.707,2025,75
127,CIN,Road,5,22,53,0.707,2025,75
128,CIN,Road,6,22,53,0.707,2025,75
129,CIN,Road,7,12,63,0.84,2025,75
130,CIN,Road,8,26,49,0.653,2025,75
131,CIN,Road,9,21,54,0.72,2025,75
57,CIN,Total,1,46,103,0.691,2025,149
58,CIN,Total,2,34,115,0.772,2025,149
59,CIN,Total,3,41,108,0.725,2025,149
60,CIN,Total,4,43,106,0.711,2025,149
61,CIN,Total,5,38,111,0.745,2025,149
62,CIN,Total,6,45,104,0.698,2025,149
63,CIN,Total,7,36,112,0.757,2025,148
64,CIN,Total,8,40,108,0.73,2025,148
65,CIN,Total,9,30,85,0.739,2025,115
134,CLE,Home,1,24,51,0.68,2025,75
135,CLE,Home,2,11,64,0.853,2025,75
136,CLE,Home,3,18,57,0.76,2025,75
137,CLE,Home,4,30,45,0.6,2025,75
138,CLE,Home,5,15,60,0.8,2025,75
139,CLE,Home,6,19,56,0.747,2025,75
140,CLE,Home,7,19,56,0.747,2025,75
141,CLE,Home,8,16,59,0.787,2025,75
142,CLE,Home,9,8,33,0.805,2025,41
144,CLE,Road,1,17,57,0.77,2025,74
145,CLE,Road,2,17,57,0.77,2025,74
146,CLE,Road,3,20,54,0.73,2025,74
147,CLE,Road,4,21,53,0.716,2025,74
148,CLE,Road,5,15,59,0.797,2025,74
149,CLE,Road,6,22,52,0.703,2025,74
150,CLE,Road,7,16,58,0.784,2025,74
151,CLE,Road,8,16,58,0.784,2025,74
152,CLE,Road,9,15,59,0.797,2025,74
68,CLE,Total,1,41,108,0.725,2025,149
69,CLE,Total,2,28,121,0.812,2025,149
70,CLE,Total,3,38,111,0.745,2025,149
71,CLE,Total,4,51,98,0.658,2025,149
72,CLE,Total,5,30,119,0.799,2025,149
73,CLE,Total,6,41,108,0.725,2025,149
74,CLE,Total,7,35,114,0.765,2025,149
75,CLE,Total,8,32,117,0.785,2025,149
76,CLE,Total,9,23,92,0.8,2025,115
155,COL,Home,1,22,53,0.707,2025,75
156,COL,Home,2,22,53,0.707,2025,75
157,COL,Home,3,29,46,0.613,2025,75
158,COL,Home,4,25,50,0.667,2025,75
159,COL,Home,5,23,52,0.693,2025,75
160,COL,Home,6,20,55,0.733,2025,75
161,COL,Home,7,18,57,0.76,2025,75
162,COL,Home,8,23,52,0.693,2025,75
163,COL,Home,9,16,40,0.714,2025,56
166,COL,Road,1,10,65,0.867,2025,75
167,COL,Road,2,10,65,0.867,2025,75
168,COL,Road,3,17,58,0.773,2025,75
169,COL,Road,4,14,61,0.813,2025,75
170,COL,Road,5,16,59,0.787,2025,75
171,COL,Road,6,18,57,0.76,2025,75
172,COL,Road,7,19,56,0.747,2025,75
173,COL,Road,8,15,60,0.8,2025,75
174,COL,Road,9,13,62,0.827,2025,75
79,COL,Total,1,32,118,0.787,2025,150
80,COL,Total,2,32,118,0.787,2025,150
81,COL,Total,3,46,104,0.693,2025,150
82,COL,Total,4,39,111,0.74,2025,150
83,COL,Total,5,39,111,0.74,2025,150
84,COL,Total,6,38,112,0.747,2025,150
85,COL,Total,7,37,113,0.753,2025,150
86,COL,Total,8,38,112,0.747,2025,150
87,COL,Total,9,29,102,0.779,2025,131
177,CWS,Home,1,22,53,0.707,2025,75
178,CWS,Home,2,22,53,0.707,2025,75
179,CWS,Home,3,13,62,0.827,2025,75
180,CWS,Home,4,19,56,0.747,2025,75
181,CWS,Home,5,17,58,0.773,2025,75
182,CWS,Home,6,21,54,0.72,2025,75
183,CWS,Home,7,17,56,0.767,2025,73
184,CWS,Home,8,22,51,0.699,2025,73
185,CWS,Home,9,5,40,0.889,2025,45
188,CWS,Road,1,23,52,0.693,2025,75
189,CWS,Road,2,17,58,0.773,2025,75
190,CWS,Road,3,16,59,0.787,2025,75
191,CWS,Road,4,21,54,0.72,2025,75
192,CWS,Road,5,19,56,0.747,2025,75
193,CWS,Road,6,20,55,0.733,2025,75
194,CWS,Road,7,19,56,0.747,2025,75
195,CWS,Road,8,16,58,0.784,2025,74
196,CWS,Road,9,16,58,0.784,2025,74
90,CWS,Total,1,45,105,0.7,2025,150
91,CWS,Total,2,39,111,0.74,2025,150
92,CWS,Total,3,29,121,0.807,2025,150
93,CWS,Total,4,40,110,0.733,2025,150
94,CWS,Total,5,36,114,0.76,2025,150
95,CWS,Total,6,41,109,0.727,2025,150
96,CWS,Total,7,36,112,0.757,2025,148
97,CWS,Total,8,38,109,0.741,2025,147
98,CWS,Total,9,21,98,0.824,2025,119
199,DET,Home,1,24,51,0.68,2025,75
200,DET,Home,2,23,52,0.693,2025,75
201,DET,Home,3,23,52,0.693,2025,75
202,DET,Home,4,30,45,0.6,2025,75
203,DET,Home,5,30,45,0.6,2025,75
204,DET,Home,6,19,56,0.747,2025,75
205,DET,Home,7,25,50,0.667,2025,75
206,DET,Home,8,16,59,0.787,2025,75
207,DET,Home,9,6,27,0.818,2025,33
210,DET,Road,1,16,59,0.787,2025,75
211,DET,Road,2,18,57,0.76,2025,75
212,DET,Road,3,23,52,0.693,2025,75
213,DET,Road,4,20,55,0.733,2025,75
214,DET,Road,5,14,61,0.813,2025,75
215,DET,Road,6,11,64,0.853,2025,75
216,DET,Road,7,22,53,0.707,2025,75
217,DET,Road,8,24,51,0.68,2025,75
218,DET,Road,9,17,58,0.773,2025,75
101,DET,Total,1,40,110,0.733,2025,150
102,DET,Total,2,41,109,0.727,2025,150
103,DET,Total,3,46,104,0.693,2025,150
104,DET,Total,4,50,100,0.667,2025,150
105,DET,Total,5,44,106,0.707,2025,150
106,DET,Total,6,30,120,0.8,2025,150
107,DET,Total,7,47,103,0.687,2025,150
108,DET,Total,8,40,110,0.733,2025,150
109,DET,Total,9,23,85,0.787,2025,108
221,HOU,Home,1,17,58,0.773,2025,75
222,HOU,Home,2,15,60,0.8,2025,75
223,HOU,Home,3,21,54,0.72,2025,75
224,HOU,Home,4,18,57,0.76,2025,75
225,HOU,Home,5,22,53,0.707,2025,75
226,HOU,Home,6,24,51,0.68,2025,75
227,HOU,Home,7,17,58,0.773,2025,75
228,HOU,Home,8,22,53,0.707,2025,75
229,HOU,Home,9,6,33,0.846,2025,39
233,HOU,Road,1,21,54,0.72,2025,75
234,HOU,Road,2,16,59,0.787,2025,75
235,HOU,Road,3,19,56,0.747,2025,75
236,HOU,Road,4,15,60,0.8,2025,75
237,HOU,Road,5,19,56,0.747,2025,75
238,HOU,Road,6,25,50,0.667,2025,75
239,HOU,Road,7,17,58,0.773,2025,75
240,HOU,Road,8,21,53,0.716,2025,74
241,HOU,Road,9,14,60,0.811,2025,74
112,HOU,Total,1,38,112,0.747,2025,150
113,HOU,Total,2,31,119,0.793,2025,150
114,HOU,Total,3,40,110,0.733,2025,150
115,HOU,Total,4,33,117,0.78,2025,150
116,HOU,Total,5,41,109,0.727,2025,150
117,HOU,Total,6,49,101,0.673,2025,150
118,HOU,Total,7,34,116,0.773,2025,150
119,HOU,Total,8,43,106,0.711,2025,149
120,HOU,Total,9,20,93,0.823,2025,113
245,KC,Home,1,24,51,0.68,2025,75
246,KC,Home,2,16,59,0.787,2025,75
247,KC,Home,3,18,57,0.76,2025,75
248,KC,Home,4,17,58,0.773,2025,75
249,KC,Home,5,17,58,0.773,2025,75
250,KC,Home,6,19,56,0.747,2025,75
251,KC,Home,7,18,57,0.76,2025,75
252,KC,Home,8,19,56,0.747,2025,75
253,KC,Home,9,10,32,0.762,2025,42
257,KC,Road,1,23,52,0.693,2025,75
258,KC,Road,2,14,61,0.813,2025,75
259,KC,Road,3,18,57,0.76,2025,75
260,KC,Road,4,20,55,0.733,2025,75
261,KC,Road,5,23,52,0.693,2025,75
262,KC,Road,6,13,62,0.827,2025,75
263,KC,Road,7,16,59,0.787,2025,75
264,KC,Road,8,21,54,0.72,2025,75
265,KC,Road,9,17,58,0.773,2025,75
124,KC,Total,1,47,103,0.687,2025,150
125,KC,Total,2,30,120,0.8,2025,150
126,KC,Total,3,36,114,0.76,2025,150
127,KC,Total,4,37,113,0.753,2025,150
128,KC,Total,5,40,110,0.733,2025,150
129,KC,Total,6,32,118,0.787,2025,150
130,KC,Total,7,34,116,0.773,2025,150
131,KC,Total,8,40,110,0.733,2025,150
132,KC,Total,9,27,90,0.769,2025,117
268,LAA,Home,1,25,50,0.667,2025,75
269,LAA,Home,2,15,60,0.8,2025,75
270,LAA,Home,3,16,59,0.787,2025,75
271,LAA,Home,4,22,53,0.707,2025,75
272,LAA,Home,5,21,54,0.72,2025,75
273,LAA,Home,6,19,56,0.747,2025,75
274,LAA,Home,7,19,56,0.747,2025,75
275,LAA,Home,8,19,56,0.747,2025,75
276,LAA,Home,9,9,38,0.809,2025,47
279,LAA,Road,1,27,48,0.64,2025,75
280,LAA,Road,2,19,56,0.747,2025,75
281,LAA,Road,3,18,57,0.76,2025,75
282,LAA,Road,4,18,57,0.76,2025,75
283,LAA,Road,5,24,51,0.68,2025,75
284,LAA,Road,6,16,59,0.787,2025,75
285,LAA,Road,7,20,55,0.733,2025,75
286,LAA,Road,8,17,58,0.773,2025,75
287,LAA,Road,9,18,57,0.76,2025,75
136,LAA,Total,1,52,98,0.653,2025,150
137,LAA,Total,2,34,116,0.773,2025,150
138,LAA,Total,3,34,116,0.773,2025,150
139,LAA,Total,4,40,110,0.733,2025,150
140,LAA,Total,5,45,105,0.7,2025,150
141,LAA,Total,6,35,115,0.767,2025,150
142,LAA,Total,7,39,111,0.74,2025,150
143,LAA,Total,8,36,114,0.76,2025,150
144,LAA,Total,9,27,95,0.779,2025,122
291,LAD,Home,1,28,46,0.622,2025,74
292,LAD,Home,2,25,49,0.662,2025,74
293,LAD,Home,3,21,53,0.716,2025,74
294,LAD,Home,4,21,53,0.716,2025,74
295,LAD,Home,5,21,53,0.716,2025,74
296,LAD,Home,6,28,46,0.622,2025,74
297,LAD,Home,7,22,52,0.703,2025,74
298,LAD,Home,8,23,51,0.689,2025,74
299,LAD,Home,9,9,26,0.743,2025,35
301,LAD,Road,1,23,52,0.693,2025,75
302,LAD,Road,2,20,55,0.733,2025,75
303,LAD,Road,3,20,55,0.733,2025,75
304,LAD,Road,4,18,57,0.76,2025,75
305,LAD,Road,5,21,54,0.72,2025,75
306,LAD,Road,6,25,50,0.667,2025,75
307,LAD,Road,7,24,51,0.68,2025,75
308,LAD,Road,8,15,60,0.8,2025,75
309,LAD,Road,9,24,51,0.68,2025,75
148,LAD,Total,1,51,98,0.658,2025,149
149,LAD,Total,2,45,104,0.698,2025,149
150,LAD,Total,3,41,108,0.725,2025,149
151,LAD,Total,4,39,110,0.738,2025,149
152,LAD,Total,5,42,107,0.718,2025,149
153,LAD,Total,6,53,96,0.644,2025,149
154,LAD,Total,7,46,103,0.691,2025,149
155,LAD,Total,8,38,111,0.745,2025,149
156,LAD,Total,9,33,77,0.7,2025,110
314,MIA,Home,1,23,55,0.705,2025,78
315,MIA,Home,2,23,55,0.705,2025,78
316,MIA,Home,3,15,63,0.808,2025,78
317,MIA,Home,4,15,63,0.808,2025,78
318,MIA,Home,5,22,56,0.718,2025,78
319,MIA,Home,6,22,56,0.718,2025,78
320,MIA,Home,7,21,57,0.731,2025,78
321,MIA,Home,8,18,60,0.769,2025,78
322,MIA,Home,9,11,40,0.784,2025,51
326,MIA,Road,1,19,53,0.736,2025,72
327,MIA,Road,2,13,59,0.819,2025,72
328,MIA,Road,3,20,52,0.722,2025,72
329,MIA,Road,4,18,54,0.75,2025,72
330,MIA,Road,5,24,48,0.667,2025,72
331,MIA,Road,6,15,57,0.792,2025,72
332,MIA,Road,7,22,50,0.694,2025,72
333,MIA,Road,8,22,50,0.694,2025,72
334,MIA,Road,9,14,58,0.806,2025,72
161,MIA,Total,1,42,108,0.72,2025,150
162,MIA,Total,2,36,114,0.76,2025,150
163,MIA,Total,3,35,115,0.767,2025,150
164,MIA,Total,4,33,117,0.78,2025,150
165,MIA,Total,5,46,104,0.693,2025,150
166,MIA,Total,6,37,113,0.753,2025,150
167,MIA,Total,7,43,107,0.713,2025,150
168,MIA,Total,8,40,110,0.733,2025,150
169,MIA,Total,9,25,98,0.797,2025,123
337,MIL,Home,1,13,62,0.827,2025,75
338,MIL,Home,2,18,57,0.76,2025,75
339,MIL,Home,3,27,48,0.64,2025,75
340,MIL,Home,4,31,44,0.587,2025,75
341,MIL,Home,5,24,51,0.68,2025,75
342,MIL,Home,6,17,58,0.773,2025,75
343,MIL,Home,7,16,59,0.787,2025,75
344,MIL,Home,8,20,55,0.733,2025,75
345,MIL,Home,9,8,30,0.789,2025,38
348,MIL,Road,1,23,52,0.693,2025,75
349,MIL,Road,2,23,52,0.693,2025,75
350,MIL,Road,3,19,56,0.747,2025,75
351,MIL,Road,4,24,51,0.68,2025,75
352,MIL,Road,5,19,56,0.747,2025,75
353,MIL,Road,6,27,48,0.64,2025,75
354,MIL,Road,7,17,58,0.773,2025,75
355,MIL,Road,8,23,52,0.693,2025,75
356,MIL,Road,9,21,54,0.72,2025,75
173,MIL,Total,1,36,114,0.76,2025,150
174,MIL,Total,2,41,109,0.727,2025,150
175,MIL,Total,3,46,104,0.693,2025,150
176,MIL,Total,4,55,95,0.633,2025,150
177,MIL,Total,5,43,107,0.713,2025,150
178,MIL,Total,6,44,106,0.707,2025,150
179,MIL,Total,7,33,117,0.78,2025,150
180,MIL,Total,8,43,107,0.713,2025,150
181,MIL,Total,9,29,84,0.743,2025,113
359,MIN,Home,1,19,55,0.743,2025,74
360,MIN,Home,2,20,54,0.73,2025,74
361,MIN,Home,3,21,53,0.716,2025,74
362,MIN,Home,4,23,51,0.689,2025,74
363,MIN,Home,5,24,50,0.676,2025,74
364,MIN,Home,6,28,46,0.622,2025,74
365,MIN,Home,7,16,58,0.784,2025,74
366,MIN,Home,8,11,62,0.849,2025,73
367,MIN,Home,9,7,40,0.851,2025,47
370,MIN,Road,1,21,54,0.72,2025,75
371,MIN,Road,2,17,58,0.773,2025,75
372,MIN,Road,3,14,61,0.813,2025,75
373,MIN,Road,4,27,48,0.64,2025,75
374,MIN,Road,5,18,57,0.76,2025,75
375,MIN,Road,6,26,49,0.653,2025,75
376,MIN,Road,7,20,54,0.73,2025,74
377,MIN,Road,8,16,58,0.784,2025,74
378,MIN,Road,9,22,52,0.703,2025,74
184,MIN,Total,1,40,109,0.732,2025,149
185,MIN,Total,2,37,112,0.752,2025,149
186,MIN,Total,3,35,114,0.765,2025,149
187,MIN,Total,4,50,99,0.664,2025,149
188,MIN,Total,5,42,107,0.718,2025,149
189,MIN,Total,6,54,95,0.638,2025,149
190,MIN,Total,7,36,112,0.757,2025,148
191,MIN,Total,8,27,120,0.816,2025,147
192,MIN,Total,9,29,92,0.76,2025,121
381,NYM,Home,1,26,49,0.653,2025,75
382,NYM,Home,2,21,54,0.72,2025,75
383,NYM,Home,3,27,48,0.64,2025,75
384,NYM,Home,4,21,54,0.72,2025,75
385,NYM,Home,5,22,53,0.707,2025,75
386,NYM,Home,6,18,57,0.76,2025,75
387,NYM,Home,7,20,55,0.733,2025,75
388,NYM,Home,8,26,49,0.653,2025,75
389,NYM,Home,9,7,30,0.811,2025,37
394,NYM,Road,1,18,57,0.76,2025,75
395,NYM,Road,2,19,56,0.747,2025,75
396,NYM,Road,3,25,50,0.667,2025,75
397,NYM,Road,4,17,58,0.773,2025,75
398,NYM,Road,5,20,55,0.733,2025,75
399,NYM,Road,6,18,57,0.76,2025,75
400,NYM,Road,7,19,56,0.747,2025,75
401,NYM,Road,8,19,56,0.747,2025,75
402,NYM,Road,9,24,51,0.68,2025,75
195,NYM,Total,1,44,106,0.707,2025,150
196,NYM,Total,2,40,110,0.733,2025,150
197,NYM,Total,3,52,98,0.653,2025,150
198,NYM,Total,4,38,112,0.747,2025,150
199,NYM,Total,5,42,108,0.72,2025,150
200,NYM,Total,6,36,114,0.76,2025,150
201,NYM,Total,7,39,111,0.74,2025,150
202,NYM,Total,8,45,105,0.7,2025,150
203,NYM,Total,9,31,81,0.723,2025,112
405,NYY,Home,1,26,49,0.653,2025,75
406,NYY,Home,2,25,50,0.667,2025,75
407,NYY,Home,3,25,50,0.667,2025,75
408,NYY,Home,4,21,54,0.72,2025,75
409,NYY,Home,5,19,56,0.747,2025,75
410,NYY,Home,6,20,54,0.73,2025,74
411,NYY,Home,7,19,55,0.743,2025,74
412,NYY,Home,8,21,53,0.716,2025,74
413,NYY,Home,9,6,28,0.824,2025,34
416,NYY,Road,1,31,43,0.581,2025,74
417,NYY,Road,2,19,55,0.743,2025,74
418,NYY,Road,3,18,56,0.757,2025,74
419,NYY,Road,4,24,50,0.676,2025,74
420,NYY,Road,5,26,48,0.649,2025,74
421,NYY,Road,6,19,55,0.743,2025,74
422,NYY,Road,7,30,44,0.595,2025,74
423,NYY,Road,8,21,53,0.716,2025,74
424,NYY,Road,9,22,52,0.703,2025,74
208,NYY,Total,1,57,92,0.617,2025,149
209,NYY,Total,2,44,105,0.705,2025,149
210,NYY,Total,3,43,106,0.711,2025,149
211,NYY,Total,4,45,104,0.698,2025,149
212,NYY,Total,5,45,104,0.698,2025,149
213,NYY,Total,6,39,109,0.736,2025,148
214,NYY,Total,7,49,99,0.669,2025,148
215,NYY,Total,8,42,106,0.716,2025,148
216,NYY,Total,9,28,80,0.741,2025,108
427,OAK,Home,1,26,49,0.653,2025,75
428,OAK,Home,2,21,54,0.72,2025,75
429,OAK,Home,3,29,46,0.613,2025,75
430,OAK,Home,4,16,59,0.787,2025,75
431,OAK,Home,5,23,52,0.693,2025,75
432,OAK,Home,6,14,61,0.813,2025,75
433,OAK,Home,7,22,53,0.707,2025,75
434,OAK,Home,8,19,56,0.747,2025,75
435,OAK,Home,9,11,39,0.78,2025,50
438,OAK,Road,1,22,53,0.707,2025,75
439,OAK,Road,2,18,57,0.76,2025,75
440,OAK,Road,3,18,57,0.76,2025,75
441,OAK,Road,4,27,48,0.64,2025,75
442,OAK,Road,5,19,56,0.747,2025,75
443,OAK,Road,6,27,48,0.64,2025,75
444,OAK,Road,7,15,60,0.8,2025,75
445,OAK,Road,8,21,54,0.72,2025,75
446,OAK,Road,9,25,50,0.667,2025,75
219,OAK,Total,1,48,102,0.68,2025,150
220,OAK,Total,2,39,111,0.74,2025,150
221,OAK,Total,3,47,103,0.687,2025,150
222,OAK,Total,4,43,107,0.713,2025,150
223,OAK,Total,5,42,108,0.72,2025,150
224,OAK,Total,6,41,109,0.727,2025,150
225,OAK,Total,7,37,113,0.753,2025,150
226,OAK,Total,8,40,110,0.733,2025,150
227,OAK,Total,9,36,89,0.712,2025,125
449,PHI,Home,1,30,45,0.6,2025,75
450,PHI,Home,2,20,55,0.733,2025,75
451,PHI,Home,3,19,56,0.747,2025,75
452,PHI,Home,4,31,44,0.587,2025,75
453,PHI,Home,5,24,51,0.68,2025,75
454,PHI,Home,6,19,56,0.747,2025,75
455,PHI,Home,7,29,46,0.613,2025,75
456,PHI,Home,8,32,43,0.573,2025,75
457,PHI,Home,9,5,23,0.821,2025,28
460,PHI,Road,1,20,55,0.733,2025,75
461,PHI,Road,2,15,60,0.8,2025,75
462,PHI,Road,3,15,60,0.8,2025,75
463,PHI,Road,4,20,55,0.733,2025,75
464,PHI,Road,5,17,58,0.773,2025,75
465,PHI,Road,6,15,60,0.8,2025,75
466,PHI,Road,7,19,56,0.747,2025,75
467,PHI,Road,8,18,57,0.76,2025,75
468,PHI,Road,9,19,56,0.747,2025,75
230,PHI,Total,1,50,100,0.667,2025,150
231,PHI,Total,2,35,115,0.767,2025,150
232,PHI,Total,3,34,116,0.773,2025,150
233,PHI,Total,4,51,99,0.66,2025,150
234,PHI,Total,5,41,109,0.727,2025,150
235,PHI,Total,6,34,116,0.773,2025,150
236,PHI,Total,7,48,102,0.68,2025,150
237,PHI,Total,8,50,100,0.667,2025,150
238,PHI,Total,9,24,79,0.767,2025,103
471,PIT,Home,1,21,54,0.72,2025,75
472,PIT,Home,2,22,53,0.707,2025,75
473,PIT,Home,3,22,53,0.707,2025,75
474,PIT,Home,4,17,58,0.773,2025,75
475,PIT,Home,5,17,58,0.773,2025,75
476,PIT,Home,6,15,60,0.8,2025,75
477,PIT,Home,7,20,55,0.733,2025,75
478,PIT,Home,8,19,56,0.747,2025,75
479,PIT,Home,9,8,31,0.795,2025,39
484,PIT,Road,1,19,56,0.747,2025,75
485,PIT,Road,2,12,63,0.84,2025,75
486,PIT,Road,3,12,63,0.84,2025,75
487,PIT,Road,4,14,61,0.813,2025,75
488,PIT,Road,5,23,52,0.693,2025,75
489,PIT,Road,6,19,56,0.747,2025,75
490,PIT,Road,7,13,62,0.827,2025,75
491,PIT,Road,8,12,63,0.84,2025,75
492,PIT,Road,9,15,60,0.8,2025,75
241,PIT,Total,1,40,110,0.733,2025,150
242,PIT,Total,2,34,116,0.773,2025,150
243,PIT,Total,3,34,116,0.773,2025,150
244,PIT,Total,4,31,119,0.793,2025,150
245,PIT,Total,5,40,110,0.733,2025,150
246,PIT,Total,6,34,116,0.773,2025,150
247,PIT,Total,7,33,117,0.78,2025,150
248,PIT,Total,8,31,119,0.793,2025,150
249,PIT,Total,9,23,91,0.798,2025,114
496,SD,Home,1,19,56,0.747,2025,75
497,SD,Home,2,19,56,0.747,2025,75
498,SD,Home,3,26,49,0.653,2025,75
499,SD,Home,4,20,55,0.733,2025,75
500,SD,Home,5,22,53,0.707,2025,75
501,SD,Home,6,21,54,0.72,2025,75
502,SD,Home,7,29,46,0.613,2025,75
503,SD,Home,8,18,57,0.76,2025,75
504,SD,Home,9,5,30,0.857,2025,35
507,SD,Road,1,20,55,0.733,2025,75
508,SD,Road,2,23,52,0.693,2025,75
509,SD,Road,3,19,56,0.747,2025,75
510,SD,Road,4,18,57,0.76,2025,75
511,SD,Road,5,17,58,0.773,2025,75
512,SD,Road,6,12,63,0.84,2025,75
513,SD,Road,7,23,52,0.693,2025,75
514,SD,Road,8,16,59,0.787,2025,75
515,SD,Road,9,18,57,0.76,2025,75
254,SD,Total,1,39,111,0.74,2025,150
255,SD,Total,2,42,108,0.72,2025,150
256,SD,Total,3,45,105,0.7,2025,150
257,SD,Total,4,38,112,0.747,2025,150
258,SD,Total,5,39,111,0.74,2025,150
259,SD,Total,6,33,117,0.78,2025,150
260,SD,Total,7,52,98,0.653,2025,150
261,SD,Total,8,34,116,0.773,2025,150
262,SD,Total,9,23,87,0.791,2025,110
518,SEA,Home,1,16,59,0.787,2025,75
519,SEA,Home,2,26,49,0.653,2025,75
520,SEA,Home,3,17,58,0.773,2025,75
521,SEA,Home,4,24,51,0.68,2025,75
522,SEA,Home,5,15,60,0.8,2025,75
523,SEA,Home,6,19,56,0.747,2025,75
524,SEA,Home,7,21,54,0.72,2025,75
525,SEA,Home,8,13,62,0.827,2025,75
526,SEA,Home,9,4,33,0.892,2025,37
531,SEA,Road,1,27,48,0.64,2025,75
532,SEA,Road,2,17,58,0.773,2025,75
533,SEA,Road,3,19,56,0.747,2025,75
534,SEA,Road,4,21,54,0.72,2025,75
535,SEA,Road,5,19,56,0.747,2025,75
536,SEA,Road,6,25,50,0.667,2025,75
537,SEA,Road,7,24,51,0.68,2025,75
538,SEA,Road,8,16,59,0.787,2025,75
539,SEA,Road,9,26,49,0.653,2025,75
265,SEA,Total,1,43,107,0.713,2025,150
266,SEA,Total,2,43,107,0.713,2025,150
267,SEA,Total,3,36,114,0.76,2025,150
268,SEA,Total,4,45,105,0.7,2025,150
269,SEA,Total,5,34,116,0.773,2025,150
270,SEA,Total,6,44,106,0.707,2025,150
271,SEA,Total,7,45,105,0.7,2025,150
272,SEA,Total,8,29,121,0.807,2025,150
273,SEA,Total,9,30,82,0.732,2025,112
543,SF,Home,1,24,51,0.68,2025,75
544,SF,Home,2,16,59,0.787,2025,75
545,SF,Home,3,17,58,0.773,2025,75
546,SF,Home,4,21,54,0.72,2025,75
547,SF,Home,5,21,54,0.72,2025,75
548,SF,Home,6,19,56,0.747,2025,75
549,SF,Home,7,12,63,0.84,2025,75
550,SF,Home,8,19,56,0.747,2025,75
551,SF,Home,9,6,42,0.875,2025,48
554,SF,Road,1,24,50,0.676,2025,74
555,SF,Road,2,19,55,0.743,2025,74
556,SF,Road,3,17,57,0.77,2025,74
557,SF,Road,4,19,55,0.743,2025,74
558,SF,Road,5,23,51,0.689,2025,74
559,SF,Road,6,21,53,0.716,2025,74
560,SF,Road,7,17,56,0.767,2025,73
561,SF,Road,8,16,57,0.781,2025,73
562,SF,Road,9,16,57,0.781,2025,73
278,SF,Total,1,48,101,0.678,2025,149
279,SF,Total,2,35,114,0.765,2025,149
280,SF,Total,3,34,115,0.772,2025,149
281,SF,Total,4,40,109,0.732,2025,149
282,SF,Total,5,44,105,0.705,2025,149
283,SF,Total,6,40,109,0.732,2025,149
284,SF,Total,7,29,119,0.804,2025,148
285,SF,Total,8,35,113,0.764,2025,148
286,SF,Total,9,22,99,0.818,2025,121
565,STL,Home,1,15,60,0.8,2025,75
566,STL,Home,2,21,54,0.72,2025,75
567,STL,Home,3,20,55,0.733,2025,75
568,STL,Home,4,18,57,0.76,2025,75
569,STL,Home,5,18,57,0.76,2025,75
570,STL,Home,6,28,47,0.627,2025,75
571,STL,Home,7,19,56,0.747,2025,75
572,STL,Home,8,17,58,0.773,2025,75
573,STL,Home,9,5,35,0.875,2025,40
576,STL,Road,1,20,55,0.733,2025,75
577,STL,Road,2,17,58,0.773,2025,75
578,STL,Road,3,16,59,0.787,2025,75
579,STL,Road,4,23,52,0.693,2025,75
580,STL,Road,5,17,58,0.773,2025,75
581,STL,Road,6,21,54,0.72,2025,75
582,STL,Road,7,20,55,0.733,2025,75
583,STL,Road,8,22,53,0.707,2025,75
584,STL,Road,9,26,49,0.653,2025,75
289,STL,Total,1,35,115,0.767,2025,150
290,STL,Total,2,38,112,0.747,2025,150
291,STL,Total,3,36,114,0.76,2025,150
292,STL,Total,4,41,109,0.727,2025,150
293,STL,Total,5,35,115,0.767,2025,150
294,STL,Total,6,49,101,0.673,2025,150
295,STL,Total,7,39,111,0.74,2025,150
296,STL,Total,8,39,111,0.74,2025,150
297,STL,Total,9,31,84,0.73,2025,115
589,TB,Home,1,25,49,0.662,2025,74
590,TB,Home,2,16,58,0.784,2025,74
591,TB,Home,3,22,52,0.703,2025,74
592,TB,Home,4,28,46,0.622,2025,74
593,TB,Home,5,15,59,0.797,2025,74
594,TB,Home,6,21,53,0.716,2025,74
595,TB,Home,7,18,56,0.757,2025,74
596,TB,Home,8,21,53,0.716,2025,74
597,TB,Home,9,8,33,0.805,2025,41
599,TB,Road,1,19,56,0.747,2025,75
600,TB,Road,2,18,57,0.76,2025,75
601,TB,Road,3,25,50,0.667,2025,75
602,TB,Road,4,27,48,0.64,2025,75
603,TB,Road,5,20,55,0.733,2025,75
604,TB,Road,6,15,60,0.8,2025,75
605,TB,Road,7,17,58,0.773,2025,75
606,TB,Road,8,14,61,0.813,2025,75
607,TB,Road,9,16,59,0.787,2025,75
302,TB,Total,1,44,105,0.705,2025,149
303,TB,Total,2,34,115,0.772,2025,149
304,TB,Total,3,47,102,0.685,2025,149
305,TB,Total,4,55,94,0.631,2025,149
306,TB,Total,5,35,114,0.765,2025,149
307,TB,Total,6,36,113,0.758,2025,149
308,TB,Total,7,35,114,0.765,2025,149
309,TB,Total,8,35,114,0.765,2025,149
310,TB,Total,9,24,92,0.793,2025,116
610,TEX,Home,1,17,58,0.773,2025,75
611,TEX,Home,2,23,52,0.693,2025,75
612,TEX,Home,3,22,53,0.707,2025,75
613,TEX,Home,4,17,58,0.773,2025,75
614,TEX,Home,5,18,57,0.76,2025,75
615,TEX,Home,6,20,55,0.733,2025,75
616,TEX,Home,7,19,56,0.747,2025,75
617,TEX,Home,8,14,61,0.813,2025,75
618,TEX,Home,9,6,31,0.838,2025,37
622,TEX,Road,1,22,53,0.707,2025,75
623,TEX,Road,2,17,58,0.773,2025,75
624,TEX,Road,3,26,49,0.653,2025,75
625,TEX,Road,4,21,54,0.72,2025,75
626,TEX,Road,5,22,53,0.707,2025,75
627,TEX,Road,6,20,55,0.733,2025,75
628,TEX,Road,7,17,58,0.773,2025,75
629,TEX,Road,8,21,54,0.72,2025,75
630,TEX,Road,9,18,57,0.76,2025,75
313,TEX,Total,1,39,111,0.74,2025,150
314,TEX,Total,2,40,110,0.733,2025,150
315,TEX,Total,3,48,102,0.68,2025,150
316,TEX,Total,4,38,112,0.747,2025,150
317,TEX,Total,5,40,110,0.733,2025,150
318,TEX,Total,6,40,110,0.733,2025,150
319,TEX,Total,7,36,114,0.76,2025,150
320,TEX,Total,8,35,115,0.767,2025,150
321,TEX,Total,9,24,88,0.786,2025,112
633,TOR,Home,1,22,53,0.707,2025,75
634,TOR,Home,2,19,56,0.747,2025,75
635,TOR,Home,3,25,50,0.667,2025,75
636,TOR,Home,4,19,56,0.747,2025,75
637,TOR,Home,5,26,49,0.653,2025,75
638,TOR,Home,6,28,47,0.627,2025,75
639,TOR,Home,7,24,51,0.68,2025,75
640,TOR,Home,8,27,48,0.64,2025,75
641,TOR,Home,9,8,26,0.765,2025,34
645,TOR,Road,1,19,55,0.743,2025,74
646,TOR,Road,2,18,56,0.757,2025,74
647,TOR,Road,3,23,51,0.689,2025,74
648,TOR,Road,4,19,55,0.743,2025,74
649,TOR,Road,5,21,53,0.716,2025,74
650,TOR,Road,6,21,53,0.716,2025,74
651,TOR,Road,7,20,54,0.73,2025,74
652,TOR,Road,8,19,54,0.74,2025,73
653,TOR,Road,9,18,55,0.753,2025,73
325,TOR,Total,1,41,108,0.725,2025,149
326,TOR,Total,2,37,112,0.752,2025,149
327,TOR,Total,3,48,101,0.678,2025,149
328,TOR,Total,4,38,111,0.745,2025,149
329,TOR,Total,5,47,102,0.685,2025,149
330,TOR,Total,6,49,100,0.671,2025,149
331,TOR,Total,7,44,105,0.705,2025,149
332,TOR,Total,8,46,102,0.689,2025,148
333,TOR,Total,9,26,81,0.757,2025,107
657,WSH,Home,1,21,53,0.716,2025,74
658,WSH,Home,2,19,55,0.743,2025,74
659,WSH,Home,3,17,57,0.77,2025,74
660,WSH,Home,4,19,55,0.743,2025,74
661,WSH,Home,5,13,61,0.824,2025,74
662,WSH,Home,6,20,54,0.73,2025,74
663,WSH,Home,7,15,59,0.797,2025,74
664,WSH,Home,8,16,58,0.784,2025,74
665,WSH,Home,9,13,35,0.729,2025,48
668,WSH,Road,1,19,56,0.747,2025,75
669,WSH,Road,2,15,60,0.8,2025,75
670,WSH,Road,3,12,63,0.84,2025,75
671,WSH,Road,4,24,51,0.68,2025,75
672,WSH,Road,5,19,56,0.747,2025,75
673,WSH,Road,6,26,49,0.653,2025,75
674,WSH,Road,7,22,53,0.707,2025,75
675,WSH,Road,8,18,57,0.76,2025,75
676,WSH,Road,9,24,51,0.68,2025,75
337,WSH,Total,1,40,109,0.732,2025,149
338,WSH,Total,2,34,115,0.772,2025,149
339,WSH,Total,3,29,120,0.805,2025,149
340,WSH,Total,4,43,106,0.711,2025,149
341,WSH,Total,5,32,117,0.785,2025,149
342,WSH,Total,6,46,103,0.691,2025,149
343,WSH,Total,7,37,112,0.752,2025,149
344,WSH,Total,8,34,115,0.772,2025,149
345,WSH,Total,9,37,86,0.699,2025,123
