,BatterTeam,Split,inning,YRA,NRA,NRA%,Year,Apps
0,ARI,Home,1,26,34,0.567,2025,60
1,ARI,Home,2,17,43,0.717,2025,60
2,ARI,Home,3,21,39,0.65,2025,60
3,ARI,Home,4,22,38,0.633,2025,60
4,ARI,Home,5,26,34,0.567,2025,60
5,ARI,Home,6,14,46,0.767,2025,60
6,ARI,Home,7,14,46,0.767,2025,60
7,ARI,Home,8,20,40,0.667,2025,60
8,ARI,Home,9,10,24,0.706,2025,34
11,ARI,Road,1,17,46,0.73,2025,63
12,ARI,Road,2,22,41,0.651,2025,63
13,ARI,Road,3,21,42,0.667,2025,63
14,ARI,Road,4,20,43,0.683,2025,63
15,ARI,Road,5,20,43,0.683,2025,63
16,ARI,Road,6,12,51,0.81,2025,63
17,ARI,Road,7,17,46,0.73,2025,63
18,ARI,Road,8,15,48,0.762,2025,63
19,ARI,Road,9,19,44,0.698,2025,63
0,ARI,Total,1,43,80,0.65,2025,123
1,ARI,Total,2,39,84,0.683,2025,123
2,ARI,Total,3,42,81,0.659,2025,123
3,ARI,Total,4,42,81,0.659,2025,123
4,ARI,Total,5,46,77,0.626,2025,123
5,ARI,Total,6,26,97,0.789,2025,123
6,ARI,Total,7,31,92,0.748,2025,123
7,ARI,Total,8,35,88,0.715,2025,123
8,ARI,Total,9,29,68,0.701,2025,97
22,ATL,Home,1,19,41,0.683,2025,60
23,ATL,Home,2,10,50,0.833,2025,60
24,ATL,Home,3,16,44,0.733,2025,60
25,ATL,Home,4,14,46,0.767,2025,60
26,ATL,Home,5,17,43,0.717,2025,60
27,ATL,Home,6,20,40,0.667,2025,60
28,ATL,Home,7,15,45,0.75,2025,60
29,ATL,Home,8,11,49,0.817,2025,60
30,ATL,Home,9,8,27,0.771,2025,35
33,ATL,Road,1,16,46,0.742,2025,62
34,ATL,Road,2,16,46,0.742,2025,62
35,ATL,Road,3,14,48,0.774,2025,62
36,ATL,Road,4,20,42,0.677,2025,62
37,ATL,Road,5,12,50,0.806,2025,62
38,ATL,Road,6,15,47,0.758,2025,62
39,ATL,Road,7,15,47,0.758,2025,62
40,ATL,Road,8,18,44,0.71,2025,62
41,ATL,Road,9,17,45,0.726,2025,62
11,ATL,Total,1,35,87,0.713,2025,122
12,ATL,Total,2,26,96,0.787,2025,122
13,ATL,Total,3,30,92,0.754,2025,122
14,ATL,Total,4,34,88,0.721,2025,122
15,ATL,Total,5,29,93,0.762,2025,122
16,ATL,Total,6,35,87,0.713,2025,122
17,ATL,Total,7,30,92,0.754,2025,122
18,ATL,Total,8,29,93,0.762,2025,122
19,ATL,Total,9,25,72,0.742,2025,97
44,BAL,Home,1,16,44,0.733,2025,60
45,BAL,Home,2,17,43,0.717,2025,60
46,BAL,Home,3,21,39,0.65,2025,60
47,BAL,Home,4,10,50,0.833,2025,60
48,BAL,Home,5,16,44,0.733,2025,60
49,BAL,Home,6,17,43,0.717,2025,60
50,BAL,Home,7,21,39,0.65,2025,60
51,BAL,Home,8,18,42,0.7,2025,60
52,BAL,Home,9,5,26,0.839,2025,31
54,BAL,Road,1,16,46,0.742,2025,62
55,BAL,Road,2,10,52,0.839,2025,62
56,BAL,Road,3,17,45,0.726,2025,62
57,BAL,Road,4,16,46,0.742,2025,62
58,BAL,Road,5,14,48,0.774,2025,62
59,BAL,Road,6,15,47,0.758,2025,62
60,BAL,Road,7,16,46,0.742,2025,62
61,BAL,Road,8,10,52,0.839,2025,62
62,BAL,Road,9,9,53,0.855,2025,62
22,BAL,Total,1,32,90,0.738,2025,122
23,BAL,Total,2,27,95,0.779,2025,122
24,BAL,Total,3,38,84,0.689,2025,122
25,BAL,Total,4,26,96,0.787,2025,122
26,BAL,Total,5,30,92,0.754,2025,122
27,BAL,Total,6,32,90,0.738,2025,122
28,BAL,Total,7,37,85,0.697,2025,122
29,BAL,Total,8,28,94,0.77,2025,122
30,BAL,Total,9,14,79,0.849,2025,93
65,BOS,Home,1,22,40,0.645,2025,62
66,BOS,Home,2,15,47,0.758,2025,62
67,BOS,Home,3,19,43,0.694,2025,62
68,BOS,Home,4,14,48,0.774,2025,62
69,BOS,Home,5,21,41,0.661,2025,62
70,BOS,Home,6,20,42,0.677,2025,62
71,BOS,Home,7,22,40,0.645,2025,62
72,BOS,Home,8,19,43,0.694,2025,62
73,BOS,Home,9,5,27,0.844,2025,32
76,BOS,Road,1,17,44,0.721,2025,61
77,BOS,Road,2,16,45,0.738,2025,61
78,BOS,Road,3,19,42,0.689,2025,61
79,BOS,Road,4,16,45,0.738,2025,61
80,BOS,Road,5,17,44,0.721,2025,61
81,BOS,Road,6,18,43,0.705,2025,61
82,BOS,Road,7,14,47,0.77,2025,61
83,BOS,Road,8,11,50,0.82,2025,61
84,BOS,Road,9,19,42,0.689,2025,61
33,BOS,Total,1,39,84,0.683,2025,123
34,BOS,Total,2,31,92,0.748,2025,123
35,BOS,Total,3,38,85,0.691,2025,123
36,BOS,Total,4,30,93,0.756,2025,123
37,BOS,Total,5,38,85,0.691,2025,123
38,BOS,Total,6,38,85,0.691,2025,123
39,BOS,Total,7,36,87,0.707,2025,123
40,BOS,Total,8,30,93,0.756,2025,123
41,BOS,Total,9,24,69,0.742,2025,93
88,CHC,Home,1,18,41,0.695,2025,59
89,CHC,Home,2,24,35,0.593,2025,59
90,CHC,Home,3,17,42,0.712,2025,59
91,CHC,Home,4,15,44,0.746,2025,59
92,CHC,Home,5,20,39,0.661,2025,59
93,CHC,Home,6,12,47,0.797,2025,59
94,CHC,Home,7,16,43,0.729,2025,59
95,CHC,Home,8,16,43,0.729,2025,59
96,CHC,Home,9,4,25,0.862,2025,29
99,CHC,Road,1,19,43,0.694,2025,62
100,CHC,Road,2,15,47,0.758,2025,62
101,CHC,Road,3,14,48,0.774,2025,62
102,CHC,Road,4,21,41,0.661,2025,62
103,CHC,Road,5,16,46,0.742,2025,62
104,CHC,Road,6,20,42,0.677,2025,62
105,CHC,Road,7,23,39,0.629,2025,62
106,CHC,Road,8,22,40,0.645,2025,62
107,CHC,Road,9,15,47,0.758,2025,62
45,CHC,Total,1,37,84,0.694,2025,121
46,CHC,Total,2,39,82,0.678,2025,121
47,CHC,Total,3,31,90,0.744,2025,121
48,CHC,Total,4,36,85,0.702,2025,121
49,CHC,Total,5,36,85,0.702,2025,121
50,CHC,Total,6,32,89,0.736,2025,121
51,CHC,Total,7,39,82,0.678,2025,121
52,CHC,Total,8,38,83,0.686,2025,121
53,CHC,Total,9,19,72,0.791,2025,91
110,CIN,Home,1,26,37,0.587,2025,63
111,CIN,Home,2,15,48,0.762,2025,63
112,CIN,Home,3,18,45,0.714,2025,63
113,CIN,Home,4,17,46,0.73,2025,63
114,CIN,Home,5,15,48,0.762,2025,63
115,CIN,Home,6,20,43,0.683,2025,63
116,CIN,Home,7,18,44,0.71,2025,62
117,CIN,Home,8,10,52,0.839,2025,62
118,CIN,Home,9,7,25,0.781,2025,32
121,CIN,Road,1,12,48,0.8,2025,60
122,CIN,Road,2,9,51,0.85,2025,60
123,CIN,Road,3,18,42,0.7,2025,60
124,CIN,Road,4,20,40,0.667,2025,60
125,CIN,Road,5,20,40,0.667,2025,60
126,CIN,Road,6,19,41,0.683,2025,60
127,CIN,Road,7,11,49,0.817,2025,60
128,CIN,Road,8,20,40,0.667,2025,60
129,CIN,Road,9,19,41,0.683,2025,60
56,CIN,Total,1,38,85,0.691,2025,123
57,CIN,Total,2,24,99,0.805,2025,123
58,CIN,Total,3,36,87,0.707,2025,123
59,CIN,Total,4,37,86,0.699,2025,123
60,CIN,Total,5,35,88,0.715,2025,123
61,CIN,Total,6,39,84,0.683,2025,123
62,CIN,Total,7,29,93,0.762,2025,122
63,CIN,Total,8,30,92,0.754,2025,122
64,CIN,Total,9,26,66,0.717,2025,92
132,CLE,Home,1,20,40,0.667,2025,60
133,CLE,Home,2,9,51,0.85,2025,60
134,CLE,Home,3,14,46,0.767,2025,60
135,CLE,Home,4,22,38,0.633,2025,60
136,CLE,Home,5,12,48,0.8,2025,60
137,CLE,Home,6,17,43,0.717,2025,60
138,CLE,Home,7,14,46,0.767,2025,60
139,CLE,Home,8,12,48,0.8,2025,60
140,CLE,Home,9,6,28,0.824,2025,34
142,CLE,Road,1,15,46,0.754,2025,61
143,CLE,Road,2,10,51,0.836,2025,61
144,CLE,Road,3,20,41,0.672,2025,61
145,CLE,Road,4,19,42,0.689,2025,61
146,CLE,Road,5,13,48,0.787,2025,61
147,CLE,Road,6,19,42,0.689,2025,61
148,CLE,Road,7,16,45,0.738,2025,61
149,CLE,Road,8,12,49,0.803,2025,61
150,CLE,Road,9,13,48,0.787,2025,61
67,CLE,Total,1,35,86,0.711,2025,121
68,CLE,Total,2,19,102,0.843,2025,121
69,CLE,Total,3,34,87,0.719,2025,121
70,CLE,Total,4,41,80,0.661,2025,121
71,CLE,Total,5,25,96,0.793,2025,121
72,CLE,Total,6,36,85,0.702,2025,121
73,CLE,Total,7,30,91,0.752,2025,121
74,CLE,Total,8,24,97,0.802,2025,121
75,CLE,Total,9,19,76,0.8,2025,95
153,COL,Home,1,21,39,0.65,2025,60
154,COL,Home,2,18,42,0.7,2025,60
155,COL,Home,3,23,37,0.617,2025,60
156,COL,Home,4,19,41,0.683,2025,60
157,COL,Home,5,19,41,0.683,2025,60
158,COL,Home,6,13,47,0.783,2025,60
159,COL,Home,7,10,50,0.833,2025,60
160,COL,Home,8,18,42,0.7,2025,60
161,COL,Home,9,14,31,0.689,2025,45
164,COL,Road,1,9,53,0.855,2025,62
165,COL,Road,2,9,53,0.855,2025,62
166,COL,Road,3,15,47,0.758,2025,62
167,COL,Road,4,11,51,0.823,2025,62
168,COL,Road,5,14,48,0.774,2025,62
169,COL,Road,6,16,46,0.742,2025,62
170,COL,Road,7,18,44,0.71,2025,62
171,COL,Road,8,14,48,0.774,2025,62
172,COL,Road,9,11,51,0.823,2025,62
78,COL,Total,1,30,92,0.754,2025,122
79,COL,Total,2,27,95,0.779,2025,122
80,COL,Total,3,38,84,0.689,2025,122
81,COL,Total,4,30,92,0.754,2025,122
82,COL,Total,5,33,89,0.73,2025,122
83,COL,Total,6,29,93,0.762,2025,122
84,COL,Total,7,28,94,0.77,2025,122
85,COL,Total,8,32,90,0.738,2025,122
86,COL,Total,9,25,82,0.766,2025,107
175,CWS,Home,1,17,45,0.726,2025,62
176,CWS,Home,2,16,46,0.742,2025,62
177,CWS,Home,3,12,50,0.806,2025,62
178,CWS,Home,4,16,46,0.742,2025,62
179,CWS,Home,5,13,49,0.79,2025,62
180,CWS,Home,6,17,45,0.726,2025,62
181,CWS,Home,7,14,46,0.767,2025,60
182,CWS,Home,8,18,42,0.7,2025,60
183,CWS,Home,9,5,33,0.868,2025,38
186,CWS,Road,1,19,41,0.683,2025,60
187,CWS,Road,2,14,46,0.767,2025,60
188,CWS,Road,3,11,49,0.817,2025,60
189,CWS,Road,4,18,42,0.7,2025,60
190,CWS,Road,5,13,47,0.783,2025,60
191,CWS,Road,6,15,45,0.75,2025,60
192,CWS,Road,7,14,46,0.767,2025,60
193,CWS,Road,8,11,48,0.814,2025,59
194,CWS,Road,9,14,45,0.763,2025,59
89,CWS,Total,1,36,86,0.705,2025,122
90,CWS,Total,2,30,92,0.754,2025,122
91,CWS,Total,3,23,99,0.811,2025,122
92,CWS,Total,4,34,88,0.721,2025,122
93,CWS,Total,5,26,96,0.787,2025,122
94,CWS,Total,6,32,90,0.738,2025,122
95,CWS,Total,7,28,92,0.767,2025,120
96,CWS,Total,8,29,90,0.756,2025,119
97,CWS,Total,9,19,78,0.804,2025,97
197,DET,Home,1,19,44,0.698,2025,63
198,DET,Home,2,21,42,0.667,2025,63
199,DET,Home,3,18,45,0.714,2025,63
200,DET,Home,4,23,40,0.635,2025,63
201,DET,Home,5,25,38,0.603,2025,63
202,DET,Home,6,17,46,0.73,2025,63
203,DET,Home,7,20,43,0.683,2025,63
204,DET,Home,8,13,50,0.794,2025,63
205,DET,Home,9,5,22,0.815,2025,27
208,DET,Road,1,15,46,0.754,2025,61
209,DET,Road,2,15,46,0.754,2025,61
210,DET,Road,3,18,43,0.705,2025,61
211,DET,Road,4,18,43,0.705,2025,61
212,DET,Road,5,9,52,0.852,2025,61
213,DET,Road,6,9,52,0.852,2025,61
214,DET,Road,7,17,44,0.721,2025,61
215,DET,Road,8,20,41,0.672,2025,61
216,DET,Road,9,14,47,0.77,2025,61
100,DET,Total,1,34,90,0.726,2025,124
101,DET,Total,2,36,88,0.71,2025,124
102,DET,Total,3,36,88,0.71,2025,124
103,DET,Total,4,41,83,0.669,2025,124
104,DET,Total,5,34,90,0.726,2025,124
105,DET,Total,6,26,98,0.79,2025,124
106,DET,Total,7,37,87,0.702,2025,124
107,DET,Total,8,33,91,0.734,2025,124
108,DET,Total,9,19,69,0.784,2025,88
219,HOU,Home,1,15,48,0.762,2025,63
220,HOU,Home,2,11,52,0.825,2025,63
221,HOU,Home,3,18,45,0.714,2025,63
222,HOU,Home,4,16,47,0.746,2025,63
223,HOU,Home,5,20,43,0.683,2025,63
224,HOU,Home,6,20,43,0.683,2025,63
225,HOU,Home,7,12,51,0.81,2025,63
226,HOU,Home,8,17,46,0.73,2025,63
227,HOU,Home,9,5,27,0.844,2025,32
230,HOU,Road,1,17,42,0.712,2025,59
231,HOU,Road,2,12,47,0.797,2025,59
232,HOU,Road,3,12,47,0.797,2025,59
233,HOU,Road,4,12,47,0.797,2025,59
234,HOU,Road,5,16,43,0.729,2025,59
235,HOU,Road,6,19,40,0.678,2025,59
236,HOU,Road,7,15,44,0.746,2025,59
237,HOU,Road,8,17,41,0.707,2025,58
238,HOU,Road,9,12,46,0.793,2025,58
111,HOU,Total,1,32,90,0.738,2025,122
112,HOU,Total,2,23,99,0.811,2025,122
113,HOU,Total,3,30,92,0.754,2025,122
114,HOU,Total,4,28,94,0.77,2025,122
115,HOU,Total,5,36,86,0.705,2025,122
116,HOU,Total,6,39,83,0.68,2025,122
117,HOU,Total,7,27,95,0.779,2025,122
118,HOU,Total,8,34,87,0.719,2025,121
119,HOU,Total,9,17,73,0.811,2025,90
242,KC,Home,1,18,42,0.7,2025,60
243,KC,Home,2,13,47,0.783,2025,60
244,KC,Home,3,11,49,0.817,2025,60
245,KC,Home,4,13,47,0.783,2025,60
246,KC,Home,5,14,46,0.767,2025,60
247,KC,Home,6,15,45,0.75,2025,60
248,KC,Home,7,13,47,0.783,2025,60
249,KC,Home,8,15,45,0.75,2025,60
250,KC,Home,9,10,26,0.722,2025,36
254,KC,Road,1,19,43,0.694,2025,62
255,KC,Road,2,14,48,0.774,2025,62
256,KC,Road,3,14,48,0.774,2025,62
257,KC,Road,4,19,43,0.694,2025,62
258,KC,Road,5,21,41,0.661,2025,62
259,KC,Road,6,9,53,0.855,2025,62
260,KC,Road,7,11,51,0.823,2025,62
261,KC,Road,8,18,44,0.71,2025,62
262,KC,Road,9,13,49,0.79,2025,62
123,KC,Total,1,37,85,0.697,2025,122
124,KC,Total,2,27,95,0.779,2025,122
125,KC,Total,3,25,97,0.795,2025,122
126,KC,Total,4,32,90,0.738,2025,122
127,KC,Total,5,35,87,0.713,2025,122
128,KC,Total,6,24,98,0.803,2025,122
129,KC,Total,7,24,98,0.803,2025,122
130,KC,Total,8,33,89,0.73,2025,122
131,KC,Total,9,23,75,0.765,2025,98
265,LAA,Home,1,19,44,0.698,2025,63
266,LAA,Home,2,14,49,0.778,2025,63
267,LAA,Home,3,14,49,0.778,2025,63
268,LAA,Home,4,20,43,0.683,2025,63
269,LAA,Home,5,19,44,0.698,2025,63
270,LAA,Home,6,17,46,0.73,2025,63
271,LAA,Home,7,15,48,0.762,2025,63
272,LAA,Home,8,14,49,0.778,2025,63
273,LAA,Home,9,8,31,0.795,2025,39
276,LAA,Road,1,23,36,0.61,2025,59
277,LAA,Road,2,18,41,0.695,2025,59
278,LAA,Road,3,16,43,0.729,2025,59
279,LAA,Road,4,15,44,0.746,2025,59
280,LAA,Road,5,19,40,0.678,2025,59
281,LAA,Road,6,12,47,0.797,2025,59
282,LAA,Road,7,17,42,0.712,2025,59
283,LAA,Road,8,15,44,0.746,2025,59
284,LAA,Road,9,12,47,0.797,2025,59
135,LAA,Total,1,42,80,0.656,2025,122
136,LAA,Total,2,32,90,0.738,2025,122
137,LAA,Total,3,30,92,0.754,2025,122
138,LAA,Total,4,35,87,0.713,2025,122
139,LAA,Total,5,38,84,0.689,2025,122
140,LAA,Total,6,29,93,0.762,2025,122
141,LAA,Total,7,32,90,0.738,2025,122
142,LAA,Total,8,29,93,0.762,2025,122
143,LAA,Total,9,20,78,0.796,2025,98
287,LAD,Home,1,24,39,0.619,2025,63
288,LAD,Home,2,22,41,0.651,2025,63
289,LAD,Home,3,19,44,0.698,2025,63
290,LAD,Home,4,17,46,0.73,2025,63
291,LAD,Home,5,17,46,0.73,2025,63
292,LAD,Home,6,25,38,0.603,2025,63
293,LAD,Home,7,19,44,0.698,2025,63
294,LAD,Home,8,18,45,0.714,2025,63
295,LAD,Home,9,9,23,0.719,2025,32
297,LAD,Road,1,18,41,0.695,2025,59
298,LAD,Road,2,15,44,0.746,2025,59
299,LAD,Road,3,12,47,0.797,2025,59
300,LAD,Road,4,15,44,0.746,2025,59
301,LAD,Road,5,17,42,0.712,2025,59
302,LAD,Road,6,19,40,0.678,2025,59
303,LAD,Road,7,19,40,0.678,2025,59
304,LAD,Road,8,12,47,0.797,2025,59
305,LAD,Road,9,16,43,0.729,2025,59
146,LAD,Total,1,42,80,0.656,2025,122
147,LAD,Total,2,37,85,0.697,2025,122
148,LAD,Total,3,31,91,0.746,2025,122
149,LAD,Total,4,32,90,0.738,2025,122
150,LAD,Total,5,34,88,0.721,2025,122
151,LAD,Total,6,44,78,0.639,2025,122
152,LAD,Total,7,38,84,0.689,2025,122
153,LAD,Total,8,30,92,0.754,2025,122
154,LAD,Total,9,25,66,0.725,2025,91
310,MIA,Home,1,17,42,0.712,2025,59
311,MIA,Home,2,17,42,0.712,2025,59
312,MIA,Home,3,12,47,0.797,2025,59
313,MIA,Home,4,11,48,0.814,2025,59
314,MIA,Home,5,18,41,0.695,2025,59
315,MIA,Home,6,16,43,0.729,2025,59
316,MIA,Home,7,16,43,0.729,2025,59
317,MIA,Home,8,10,49,0.831,2025,59
318,MIA,Home,9,8,31,0.795,2025,39
322,MIA,Road,1,16,47,0.746,2025,63
323,MIA,Road,2,13,50,0.794,2025,63
324,MIA,Road,3,16,47,0.746,2025,63
325,MIA,Road,4,16,47,0.746,2025,63
326,MIA,Road,5,20,43,0.683,2025,63
327,MIA,Road,6,15,48,0.762,2025,63
328,MIA,Road,7,19,44,0.698,2025,63
329,MIA,Road,8,19,44,0.698,2025,63
330,MIA,Road,9,10,53,0.841,2025,63
159,MIA,Total,1,33,89,0.73,2025,122
160,MIA,Total,2,30,92,0.754,2025,122
161,MIA,Total,3,28,94,0.77,2025,122
162,MIA,Total,4,27,95,0.779,2025,122
163,MIA,Total,5,38,84,0.689,2025,122
164,MIA,Total,6,31,91,0.746,2025,122
165,MIA,Total,7,35,87,0.713,2025,122
166,MIA,Total,8,29,93,0.762,2025,122
167,MIA,Total,9,18,84,0.824,2025,102
333,MIL,Home,1,9,53,0.855,2025,62
334,MIL,Home,2,13,49,0.79,2025,62
335,MIL,Home,3,21,41,0.661,2025,62
336,MIL,Home,4,25,37,0.597,2025,62
337,MIL,Home,5,22,40,0.645,2025,62
338,MIL,Home,6,14,48,0.774,2025,62
339,MIL,Home,7,14,48,0.774,2025,62
340,MIL,Home,8,15,47,0.758,2025,62
341,MIL,Home,9,7,21,0.75,2025,28
344,MIL,Road,1,18,41,0.695,2025,59
345,MIL,Road,2,19,40,0.678,2025,59
346,MIL,Road,3,16,43,0.729,2025,59
347,MIL,Road,4,22,37,0.627,2025,59
348,MIL,Road,5,16,43,0.729,2025,59
349,MIL,Road,6,21,38,0.644,2025,59
350,MIL,Road,7,14,45,0.763,2025,59
351,MIL,Road,8,19,40,0.678,2025,59
352,MIL,Road,9,15,44,0.746,2025,59
171,MIL,Total,1,27,94,0.777,2025,121
172,MIL,Total,2,32,89,0.736,2025,121
173,MIL,Total,3,37,84,0.694,2025,121
174,MIL,Total,4,47,74,0.612,2025,121
175,MIL,Total,5,38,83,0.686,2025,121
176,MIL,Total,6,35,86,0.711,2025,121
177,MIL,Total,7,28,93,0.769,2025,121
178,MIL,Total,8,34,87,0.719,2025,121
179,MIL,Total,9,22,65,0.747,2025,87
354,MIN,Home,1,17,42,0.712,2025,59
355,MIN,Home,2,15,44,0.746,2025,59
356,MIN,Home,3,16,43,0.729,2025,59
357,MIN,Home,4,14,45,0.763,2025,59
358,MIN,Home,5,16,43,0.729,2025,59
359,MIN,Home,6,23,36,0.61,2025,59
360,MIN,Home,7,12,47,0.797,2025,59
361,MIN,Home,8,10,48,0.828,2025,58
362,MIN,Home,9,4,31,0.886,2025,35
365,MIN,Road,1,19,44,0.698,2025,63
366,MIN,Road,2,15,48,0.762,2025,63
367,MIN,Road,3,10,53,0.841,2025,63
368,MIN,Road,4,22,41,0.651,2025,63
369,MIN,Road,5,15,48,0.762,2025,63
370,MIN,Road,6,20,43,0.683,2025,63
371,MIN,Road,7,16,46,0.742,2025,62
372,MIN,Road,8,15,47,0.758,2025,62
373,MIN,Road,9,18,44,0.71,2025,62
182,MIN,Total,1,36,86,0.705,2025,122
183,MIN,Total,2,30,92,0.754,2025,122
184,MIN,Total,3,26,96,0.787,2025,122
185,MIN,Total,4,36,86,0.705,2025,122
186,MIN,Total,5,31,91,0.746,2025,122
187,MIN,Total,6,43,79,0.648,2025,122
188,MIN,Total,7,28,93,0.769,2025,121
189,MIN,Total,8,25,95,0.792,2025,120
190,MIN,Total,9,22,75,0.773,2025,97
376,NYM,Home,1,23,40,0.635,2025,63
377,NYM,Home,2,18,45,0.714,2025,63
378,NYM,Home,3,23,40,0.635,2025,63
379,NYM,Home,4,19,44,0.698,2025,63
380,NYM,Home,5,15,48,0.762,2025,63
381,NYM,Home,6,14,49,0.778,2025,63
382,NYM,Home,7,15,48,0.762,2025,63
383,NYM,Home,8,24,39,0.619,2025,63
384,NYM,Home,9,7,23,0.767,2025,30
389,NYM,Road,1,14,45,0.763,2025,59
390,NYM,Road,2,16,43,0.729,2025,59
391,NYM,Road,3,17,42,0.712,2025,59
392,NYM,Road,4,11,48,0.814,2025,59
393,NYM,Road,5,19,40,0.678,2025,59
394,NYM,Road,6,14,45,0.763,2025,59
395,NYM,Road,7,12,47,0.797,2025,59
396,NYM,Road,8,16,43,0.729,2025,59
397,NYM,Road,9,17,42,0.712,2025,59
193,NYM,Total,1,37,85,0.697,2025,122
194,NYM,Total,2,34,88,0.721,2025,122
195,NYM,Total,3,40,82,0.672,2025,122
196,NYM,Total,4,30,92,0.754,2025,122
197,NYM,Total,5,34,88,0.721,2025,122
198,NYM,Total,6,28,94,0.77,2025,122
199,NYM,Total,7,27,95,0.779,2025,122
200,NYM,Total,8,40,82,0.672,2025,122
201,NYM,Total,9,24,65,0.73,2025,89
400,NYY,Home,1,21,41,0.661,2025,62
401,NYY,Home,2,20,42,0.677,2025,62
402,NYY,Home,3,19,43,0.694,2025,62
403,NYY,Home,4,15,47,0.758,2025,62
404,NYY,Home,5,16,46,0.742,2025,62
405,NYY,Home,6,18,43,0.705,2025,61
406,NYY,Home,7,18,43,0.705,2025,61
407,NYY,Home,8,19,42,0.689,2025,61
408,NYY,Home,9,6,22,0.786,2025,28
411,NYY,Road,1,23,37,0.617,2025,60
412,NYY,Road,2,14,46,0.767,2025,60
413,NYY,Road,3,13,47,0.783,2025,60
414,NYY,Road,4,17,43,0.717,2025,60
415,NYY,Road,5,20,40,0.667,2025,60
416,NYY,Road,6,15,45,0.75,2025,60
417,NYY,Road,7,24,36,0.6,2025,60
418,NYY,Road,8,17,43,0.717,2025,60
419,NYY,Road,9,17,43,0.717,2025,60
206,NYY,Total,1,44,78,0.639,2025,122
207,NYY,Total,2,34,88,0.721,2025,122
208,NYY,Total,3,32,90,0.738,2025,122
209,NYY,Total,4,32,90,0.738,2025,122
210,NYY,Total,5,36,86,0.705,2025,122
211,NYY,Total,6,33,88,0.727,2025,121
212,NYY,Total,7,42,79,0.653,2025,121
213,NYY,Total,8,36,85,0.702,2025,121
214,NYY,Total,9,23,65,0.739,2025,88
422,OAK,Home,1,20,41,0.672,2025,61
423,OAK,Home,2,18,43,0.705,2025,61
424,OAK,Home,3,22,39,0.639,2025,61
425,OAK,Home,4,14,47,0.77,2025,61
426,OAK,Home,5,20,41,0.672,2025,61
427,OAK,Home,6,11,50,0.82,2025,61
428,OAK,Home,7,18,43,0.705,2025,61
429,OAK,Home,8,13,48,0.787,2025,61
430,OAK,Home,9,10,32,0.762,2025,42
433,OAK,Road,1,19,44,0.698,2025,63
434,OAK,Road,2,14,49,0.778,2025,63
435,OAK,Road,3,14,49,0.778,2025,63
436,OAK,Road,4,22,41,0.651,2025,63
437,OAK,Road,5,19,44,0.698,2025,63
438,OAK,Road,6,23,40,0.635,2025,63
439,OAK,Road,7,11,52,0.825,2025,63
440,OAK,Road,8,16,47,0.746,2025,63
441,OAK,Road,9,22,41,0.651,2025,63
217,OAK,Total,1,39,85,0.685,2025,124
218,OAK,Total,2,32,92,0.742,2025,124
219,OAK,Total,3,36,88,0.71,2025,124
220,OAK,Total,4,36,88,0.71,2025,124
221,OAK,Total,5,39,85,0.685,2025,124
222,OAK,Total,6,34,90,0.726,2025,124
223,OAK,Total,7,29,95,0.766,2025,124
224,OAK,Total,8,29,95,0.766,2025,124
225,OAK,Total,9,32,73,0.695,2025,105
444,PHI,Home,1,23,35,0.603,2025,58
445,PHI,Home,2,13,45,0.776,2025,58
446,PHI,Home,3,13,45,0.776,2025,58
447,PHI,Home,4,23,35,0.603,2025,58
448,PHI,Home,5,19,39,0.672,2025,58
449,PHI,Home,6,14,44,0.759,2025,58
450,PHI,Home,7,21,37,0.638,2025,58
451,PHI,Home,8,24,34,0.586,2025,58
452,PHI,Home,9,5,19,0.792,2025,24
455,PHI,Road,1,16,48,0.75,2025,64
456,PHI,Road,2,12,52,0.812,2025,64
457,PHI,Road,3,14,50,0.781,2025,64
458,PHI,Road,4,16,48,0.75,2025,64
459,PHI,Road,5,14,50,0.781,2025,64
460,PHI,Road,6,11,53,0.828,2025,64
461,PHI,Road,7,16,48,0.75,2025,64
462,PHI,Road,8,15,49,0.766,2025,64
463,PHI,Road,9,16,48,0.75,2025,64
228,PHI,Total,1,39,83,0.68,2025,122
229,PHI,Total,2,25,97,0.795,2025,122
230,PHI,Total,3,27,95,0.779,2025,122
231,PHI,Total,4,39,83,0.68,2025,122
232,PHI,Total,5,33,89,0.73,2025,122
233,PHI,Total,6,25,97,0.795,2025,122
234,PHI,Total,7,37,85,0.697,2025,122
235,PHI,Total,8,39,83,0.68,2025,122
236,PHI,Total,9,21,67,0.761,2025,88
466,PIT,Home,1,17,46,0.73,2025,63
467,PIT,Home,2,15,48,0.762,2025,63
468,PIT,Home,3,18,45,0.714,2025,63
469,PIT,Home,4,16,47,0.746,2025,63
470,PIT,Home,5,15,48,0.762,2025,63
471,PIT,Home,6,12,51,0.81,2025,63
472,PIT,Home,7,17,46,0.73,2025,63
473,PIT,Home,8,14,49,0.778,2025,63
474,PIT,Home,9,7,28,0.8,2025,35
479,PIT,Road,1,13,47,0.783,2025,60
480,PIT,Road,2,11,49,0.817,2025,60
481,PIT,Road,3,7,53,0.883,2025,60
482,PIT,Road,4,11,49,0.817,2025,60
483,PIT,Road,5,21,39,0.65,2025,60
484,PIT,Road,6,15,45,0.75,2025,60
485,PIT,Road,7,11,49,0.817,2025,60
486,PIT,Road,8,10,50,0.833,2025,60
487,PIT,Road,9,10,50,0.833,2025,60
239,PIT,Total,1,30,93,0.756,2025,123
240,PIT,Total,2,26,97,0.789,2025,123
241,PIT,Total,3,25,98,0.797,2025,123
242,PIT,Total,4,27,96,0.78,2025,123
243,PIT,Total,5,36,87,0.707,2025,123
244,PIT,Total,6,27,96,0.78,2025,123
245,PIT,Total,7,28,95,0.772,2025,123
246,PIT,Total,8,24,99,0.805,2025,123
247,PIT,Total,9,17,78,0.821,2025,95
491,SD,Home,1,14,44,0.759,2025,58
492,SD,Home,2,15,43,0.741,2025,58
493,SD,Home,3,20,38,0.655,2025,58
494,SD,Home,4,14,44,0.759,2025,58
495,SD,Home,5,17,41,0.707,2025,58
496,SD,Home,6,18,40,0.69,2025,58
497,SD,Home,7,26,32,0.552,2025,58
498,SD,Home,8,15,43,0.741,2025,58
499,SD,Home,9,4,22,0.846,2025,26
502,SD,Road,1,18,46,0.719,2025,64
503,SD,Road,2,20,44,0.688,2025,64
504,SD,Road,3,17,47,0.734,2025,64
505,SD,Road,4,16,48,0.75,2025,64
506,SD,Road,5,13,51,0.797,2025,64
507,SD,Road,6,8,56,0.875,2025,64
508,SD,Road,7,20,44,0.688,2025,64
509,SD,Road,8,14,50,0.781,2025,64
510,SD,Road,9,15,49,0.766,2025,64
252,SD,Total,1,32,90,0.738,2025,122
253,SD,Total,2,35,87,0.713,2025,122
254,SD,Total,3,37,85,0.697,2025,122
255,SD,Total,4,30,92,0.754,2025,122
256,SD,Total,5,30,92,0.754,2025,122
257,SD,Total,6,26,96,0.787,2025,122
258,SD,Total,7,46,76,0.623,2025,122
259,SD,Total,8,29,93,0.762,2025,122
260,SD,Total,9,19,71,0.789,2025,90
513,SEA,Home,1,12,50,0.806,2025,62
514,SEA,Home,2,21,41,0.661,2025,62
515,SEA,Home,3,14,48,0.774,2025,62
516,SEA,Home,4,18,44,0.71,2025,62
517,SEA,Home,5,11,51,0.823,2025,62
518,SEA,Home,6,17,45,0.726,2025,62
519,SEA,Home,7,19,43,0.694,2025,62
520,SEA,Home,8,13,49,0.79,2025,62
521,SEA,Home,9,4,29,0.879,2025,33
525,SEA,Road,1,24,37,0.607,2025,61
526,SEA,Road,2,16,45,0.738,2025,61
527,SEA,Road,3,17,44,0.721,2025,61
528,SEA,Road,4,18,43,0.705,2025,61
529,SEA,Road,5,18,43,0.705,2025,61
530,SEA,Road,6,23,38,0.623,2025,61
531,SEA,Road,7,16,45,0.738,2025,61
532,SEA,Road,8,14,47,0.77,2025,61
533,SEA,Road,9,20,41,0.672,2025,61
263,SEA,Total,1,36,87,0.707,2025,123
264,SEA,Total,2,37,86,0.699,2025,123
265,SEA,Total,3,31,92,0.748,2025,123
266,SEA,Total,4,36,87,0.707,2025,123
267,SEA,Total,5,29,94,0.764,2025,123
268,SEA,Total,6,40,83,0.675,2025,123
269,SEA,Total,7,35,88,0.715,2025,123
270,SEA,Total,8,27,96,0.78,2025,123
271,SEA,Total,9,24,70,0.745,2025,94
537,SF,Home,1,16,45,0.738,2025,61
538,SF,Home,2,12,49,0.803,2025,61
539,SF,Home,3,13,48,0.787,2025,61
540,SF,Home,4,18,43,0.705,2025,61
541,SF,Home,5,16,45,0.738,2025,61
542,SF,Home,6,12,49,0.803,2025,61
543,SF,Home,7,8,53,0.869,2025,61
544,SF,Home,8,12,49,0.803,2025,61
545,SF,Home,9,5,36,0.878,2025,41
548,SF,Road,1,18,43,0.705,2025,61
549,SF,Road,2,16,45,0.738,2025,61
550,SF,Road,3,14,47,0.77,2025,61
551,SF,Road,4,16,45,0.738,2025,61
552,SF,Road,5,21,40,0.656,2025,61
553,SF,Road,6,17,44,0.721,2025,61
554,SF,Road,7,13,47,0.783,2025,60
555,SF,Road,8,14,46,0.767,2025,60
556,SF,Road,9,14,46,0.767,2025,60
275,SF,Total,1,34,88,0.721,2025,122
276,SF,Total,2,28,94,0.77,2025,122
277,SF,Total,3,27,95,0.779,2025,122
278,SF,Total,4,34,88,0.721,2025,122
279,SF,Total,5,37,85,0.697,2025,122
280,SF,Total,6,29,93,0.762,2025,122
281,SF,Total,7,21,100,0.826,2025,121
282,SF,Total,8,26,95,0.785,2025,121
283,SF,Total,9,19,82,0.812,2025,101
559,STL,Home,1,14,49,0.778,2025,63
560,STL,Home,2,19,44,0.698,2025,63
561,STL,Home,3,19,44,0.698,2025,63
562,STL,Home,4,15,48,0.762,2025,63
563,STL,Home,5,14,49,0.778,2025,63
564,STL,Home,6,23,40,0.635,2025,63
565,STL,Home,7,17,46,0.73,2025,63
566,STL,Home,8,15,48,0.762,2025,63
567,STL,Home,9,2,30,0.938,2025,32
570,STL,Road,1,15,45,0.75,2025,60
571,STL,Road,2,11,49,0.817,2025,60
572,STL,Road,3,12,48,0.8,2025,60
573,STL,Road,4,19,41,0.683,2025,60
574,STL,Road,5,13,47,0.783,2025,60
575,STL,Road,6,17,43,0.717,2025,60
576,STL,Road,7,13,47,0.783,2025,60
577,STL,Road,8,19,41,0.683,2025,60
578,STL,Road,9,23,37,0.617,2025,60
286,STL,Total,1,29,94,0.764,2025,123
287,STL,Total,2,30,93,0.756,2025,123
288,STL,Total,3,31,92,0.748,2025,123
289,STL,Total,4,34,89,0.724,2025,123
290,STL,Total,5,27,96,0.78,2025,123
291,STL,Total,6,40,83,0.675,2025,123
292,STL,Total,7,30,93,0.756,2025,123
293,STL,Total,8,34,89,0.724,2025,123
294,STL,Total,9,25,67,0.728,2025,92
583,TB,Home,1,20,42,0.677,2025,62
584,TB,Home,2,12,50,0.806,2025,62
585,TB,Home,3,19,43,0.694,2025,62
586,TB,Home,4,25,37,0.597,2025,62
587,TB,Home,5,11,51,0.823,2025,62
588,TB,Home,6,16,46,0.742,2025,62
589,TB,Home,7,14,48,0.774,2025,62
590,TB,Home,8,17,45,0.726,2025,62
591,TB,Home,9,7,28,0.8,2025,35
593,TB,Road,1,14,47,0.77,2025,61
594,TB,Road,2,15,46,0.754,2025,61
595,TB,Road,3,22,39,0.639,2025,61
596,TB,Road,4,23,38,0.623,2025,61
597,TB,Road,5,16,45,0.738,2025,61
598,TB,Road,6,13,48,0.787,2025,61
599,TB,Road,7,15,46,0.754,2025,61
600,TB,Road,8,10,51,0.836,2025,61
601,TB,Road,9,13,48,0.787,2025,61
299,TB,Total,1,34,89,0.724,2025,123
300,TB,Total,2,27,96,0.78,2025,123
301,TB,Total,3,41,82,0.667,2025,123
302,TB,Total,4,48,75,0.61,2025,123
303,TB,Total,5,27,96,0.78,2025,123
304,TB,Total,6,29,94,0.764,2025,123
305,TB,Total,7,29,94,0.764,2025,123
306,TB,Total,8,27,96,0.78,2025,123
307,TB,Total,9,20,76,0.792,2025,96
604,TEX,Home,1,15,48,0.762,2025,63
605,TEX,Home,2,16,47,0.746,2025,63
606,TEX,Home,3,19,44,0.698,2025,63
607,TEX,Home,4,13,50,0.794,2025,63
608,TEX,Home,5,12,51,0.81,2025,63
609,TEX,Home,6,17,46,0.73,2025,63
610,TEX,Home,7,15,48,0.762,2025,63
611,TEX,Home,8,13,50,0.794,2025,63
612,TEX,Home,9,5,28,0.848,2025,33
616,TEX,Road,1,18,42,0.7,2025,60
617,TEX,Road,2,12,48,0.8,2025,60
618,TEX,Road,3,20,40,0.667,2025,60
619,TEX,Road,4,18,42,0.7,2025,60
620,TEX,Road,5,17,43,0.717,2025,60
621,TEX,Road,6,17,43,0.717,2025,60
622,TEX,Road,7,11,49,0.817,2025,60
623,TEX,Road,8,18,42,0.7,2025,60
624,TEX,Road,9,10,50,0.833,2025,60
310,TEX,Total,1,33,90,0.732,2025,123
311,TEX,Total,2,28,95,0.772,2025,123
312,TEX,Total,3,39,84,0.683,2025,123
313,TEX,Total,4,31,92,0.748,2025,123
314,TEX,Total,5,29,94,0.764,2025,123
315,TEX,Total,6,34,89,0.724,2025,123
316,TEX,Total,7,26,97,0.789,2025,123
317,TEX,Total,8,31,92,0.748,2025,123
318,TEX,Total,9,15,78,0.839,2025,93
627,TOR,Home,1,18,43,0.705,2025,61
628,TOR,Home,2,12,49,0.803,2025,61
629,TOR,Home,3,22,39,0.639,2025,61
630,TOR,Home,4,14,47,0.77,2025,61
631,TOR,Home,5,20,41,0.672,2025,61
632,TOR,Home,6,21,40,0.656,2025,61
633,TOR,Home,7,20,41,0.672,2025,61
634,TOR,Home,8,21,40,0.656,2025,61
635,TOR,Home,9,5,22,0.815,2025,27
639,TOR,Road,1,14,48,0.774,2025,62
640,TOR,Road,2,14,48,0.774,2025,62
641,TOR,Road,3,19,43,0.694,2025,62
642,TOR,Road,4,16,46,0.742,2025,62
643,TOR,Road,5,19,43,0.694,2025,62
644,TOR,Road,6,18,44,0.71,2025,62
645,TOR,Road,7,14,48,0.774,2025,62
646,TOR,Road,8,17,44,0.721,2025,61
647,TOR,Road,9,14,47,0.77,2025,61
322,TOR,Total,1,32,91,0.74,2025,123
323,TOR,Total,2,26,97,0.789,2025,123
324,TOR,Total,3,41,82,0.667,2025,123
325,TOR,Total,4,30,93,0.756,2025,123
326,TOR,Total,5,39,84,0.683,2025,123
327,TOR,Total,6,39,84,0.683,2025,123
328,TOR,Total,7,34,89,0.724,2025,123
329,TOR,Total,8,38,84,0.689,2025,122
330,TOR,Total,9,19,69,0.784,2025,88
650,WSH,Home,1,19,41,0.683,2025,60
651,WSH,Home,2,15,45,0.75,2025,60
652,WSH,Home,3,13,47,0.783,2025,60
653,WSH,Home,4,14,46,0.767,2025,60
654,WSH,Home,5,10,50,0.833,2025,60
655,WSH,Home,6,16,44,0.733,2025,60
656,WSH,Home,7,14,46,0.767,2025,60
657,WSH,Home,8,11,49,0.817,2025,60
658,WSH,Home,9,12,30,0.714,2025,42
661,WSH,Road,1,16,46,0.742,2025,62
662,WSH,Road,2,14,48,0.774,2025,62
663,WSH,Road,3,10,52,0.839,2025,62
664,WSH,Road,4,20,42,0.677,2025,62
665,WSH,Road,5,15,47,0.758,2025,62
666,WSH,Road,6,20,42,0.677,2025,62
667,WSH,Road,7,21,41,0.661,2025,62
668,WSH,Road,8,16,46,0.742,2025,62
669,WSH,Road,9,18,44,0.71,2025,62
334,WSH,Total,1,35,87,0.713,2025,122
335,WSH,Total,2,29,93,0.762,2025,122
336,WSH,Total,3,23,99,0.811,2025,122
337,WSH,Total,4,34,88,0.721,2025,122
338,WSH,Total,5,25,97,0.795,2025,122
339,WSH,Total,6,36,86,0.705,2025,122
340,WSH,Total,7,35,87,0.713,2025,122
341,WSH,Total,8,27,95,0.779,2025,122
342,WSH,Total,9,30,74,0.712,2025,104
