,BatterTeam,Split,inning,YRA,NRA,NRA%,Year,Apps
0,ARI,Home,1,34,41,0.547,2025,75
1,ARI,Home,2,23,52,0.693,2025,75
2,ARI,Home,3,25,50,0.667,2025,75
3,ARI,Home,4,26,49,0.653,2025,75
4,ARI,Home,5,30,45,0.6,2025,75
5,ARI,Home,6,18,57,0.76,2025,75
6,ARI,Home,7,18,57,0.76,2025,75
7,ARI,Home,8,23,52,0.693,2025,75
8,ARI,Home,9,12,30,0.714,2025,42
11,ARI,Road,1,20,58,0.744,2025,78
12,ARI,Road,2,26,52,0.667,2025,78
13,ARI,Road,3,24,54,0.692,2025,78
14,ARI,Road,4,25,53,0.679,2025,78
15,ARI,Road,5,23,55,0.705,2025,78
16,ARI,Road,6,18,60,0.769,2025,78
17,ARI,Road,7,22,56,0.718,2025,78
18,ARI,Road,8,20,58,0.744,2025,78
19,ARI,Road,9,22,56,0.718,2025,78
0,ARI,Total,1,54,99,0.647,2025,153
1,ARI,Total,2,49,104,0.68,2025,153
2,ARI,Total,3,49,104,0.68,2025,153
3,ARI,Total,4,51,102,0.667,2025,153
4,ARI,Total,5,53,100,0.654,2025,153
5,ARI,Total,6,36,117,0.765,2025,153
6,ARI,Total,7,40,113,0.739,2025,153
7,ARI,Total,8,43,110,0.719,2025,153
8,ARI,Total,9,34,86,0.717,2025,120
22,ATL,Home,1,23,52,0.693,2025,75
23,ATL,Home,2,11,64,0.853,2025,75
24,ATL,Home,3,19,56,0.747,2025,75
25,ATL,Home,4,21,54,0.72,2025,75
26,ATL,Home,5,20,55,0.733,2025,75
27,ATL,Home,6,25,50,0.667,2025,75
28,ATL,Home,7,18,57,0.76,2025,75
29,ATL,Home,8,18,57,0.76,2025,75
30,ATL,Home,9,10,34,0.773,2025,44
33,ATL,Road,1,20,58,0.744,2025,78
34,ATL,Road,2,19,59,0.756,2025,78
35,ATL,Road,3,15,63,0.808,2025,78
36,ATL,Road,4,26,52,0.667,2025,78
37,ATL,Road,5,17,61,0.782,2025,78
38,ATL,Road,6,22,56,0.718,2025,78
39,ATL,Road,7,19,59,0.756,2025,78
40,ATL,Road,8,22,56,0.718,2025,78
41,ATL,Road,9,22,56,0.718,2025,78
11,ATL,Total,1,43,110,0.719,2025,153
12,ATL,Total,2,30,123,0.804,2025,153
13,ATL,Total,3,34,119,0.778,2025,153
14,ATL,Total,4,47,106,0.693,2025,153
15,ATL,Total,5,37,116,0.758,2025,153
16,ATL,Total,6,47,106,0.693,2025,153
17,ATL,Total,7,37,116,0.758,2025,153
18,ATL,Total,8,40,113,0.739,2025,153
19,ATL,Total,9,32,90,0.738,2025,122
44,BAL,Home,1,20,55,0.733,2025,75
45,BAL,Home,2,22,53,0.707,2025,75
46,BAL,Home,3,23,52,0.693,2025,75
47,BAL,Home,4,12,63,0.84,2025,75
48,BAL,Home,5,19,56,0.747,2025,75
49,BAL,Home,6,22,53,0.707,2025,75
50,BAL,Home,7,25,50,0.667,2025,75
51,BAL,Home,8,21,54,0.72,2025,75
52,BAL,Home,9,6,38,0.864,2025,44
55,BAL,Road,1,21,57,0.731,2025,78
56,BAL,Road,2,12,66,0.846,2025,78
57,BAL,Road,3,25,53,0.679,2025,78
58,BAL,Road,4,20,58,0.744,2025,78
59,BAL,Road,5,21,57,0.731,2025,78
60,BAL,Road,6,16,62,0.795,2025,78
61,BAL,Road,7,22,56,0.718,2025,78
62,BAL,Road,8,16,62,0.795,2025,78
63,BAL,Road,9,13,65,0.833,2025,78
22,BAL,Total,1,41,112,0.732,2025,153
23,BAL,Total,2,34,119,0.778,2025,153
24,BAL,Total,3,48,105,0.686,2025,153
25,BAL,Total,4,32,121,0.791,2025,153
26,BAL,Total,5,40,113,0.739,2025,153
27,BAL,Total,6,38,115,0.752,2025,153
28,BAL,Total,7,47,106,0.693,2025,153
29,BAL,Total,8,37,116,0.758,2025,153
30,BAL,Total,9,19,103,0.844,2025,122
67,BOS,Home,1,27,51,0.654,2025,78
68,BOS,Home,2,19,59,0.756,2025,78
69,BOS,Home,3,24,54,0.692,2025,78
70,BOS,Home,4,19,59,0.756,2025,78
71,BOS,Home,5,26,52,0.667,2025,78
72,BOS,Home,6,26,52,0.667,2025,78
73,BOS,Home,7,25,53,0.679,2025,78
74,BOS,Home,8,22,56,0.718,2025,78
75,BOS,Home,9,7,36,0.837,2025,43
78,BOS,Road,1,22,53,0.707,2025,75
79,BOS,Road,2,22,53,0.707,2025,75
80,BOS,Road,3,23,52,0.693,2025,75
81,BOS,Road,4,20,55,0.733,2025,75
82,BOS,Road,5,21,54,0.72,2025,75
83,BOS,Road,6,20,55,0.733,2025,75
84,BOS,Road,7,17,58,0.773,2025,75
85,BOS,Road,8,16,59,0.787,2025,75
86,BOS,Road,9,25,50,0.667,2025,75
34,BOS,Total,1,49,104,0.68,2025,153
35,BOS,Total,2,41,112,0.732,2025,153
36,BOS,Total,3,47,106,0.693,2025,153
37,BOS,Total,4,39,114,0.745,2025,153
38,BOS,Total,5,47,106,0.693,2025,153
39,BOS,Total,6,46,107,0.699,2025,153
40,BOS,Total,7,42,111,0.725,2025,153
41,BOS,Total,8,38,115,0.752,2025,153
42,BOS,Total,9,32,86,0.729,2025,118
90,CHC,Home,1,21,54,0.72,2025,75
91,CHC,Home,2,32,43,0.573,2025,75
92,CHC,Home,3,21,54,0.72,2025,75
93,CHC,Home,4,20,55,0.733,2025,75
94,CHC,Home,5,25,50,0.667,2025,75
95,CHC,Home,6,18,57,0.76,2025,75
96,CHC,Home,7,18,57,0.76,2025,75
97,CHC,Home,8,22,53,0.707,2025,75
98,CHC,Home,9,4,32,0.889,2025,36
101,CHC,Road,1,25,53,0.679,2025,78
102,CHC,Road,2,19,59,0.756,2025,78
103,CHC,Road,3,20,58,0.744,2025,78
104,CHC,Road,4,27,51,0.654,2025,78
105,CHC,Road,5,22,56,0.718,2025,78
106,CHC,Road,6,25,53,0.679,2025,78
107,CHC,Road,7,26,52,0.667,2025,78
108,CHC,Road,8,25,53,0.679,2025,78
109,CHC,Road,9,16,62,0.795,2025,78
46,CHC,Total,1,46,107,0.699,2025,153
47,CHC,Total,2,51,102,0.667,2025,153
48,CHC,Total,3,41,112,0.732,2025,153
49,CHC,Total,4,47,106,0.693,2025,153
50,CHC,Total,5,47,106,0.693,2025,153
51,CHC,Total,6,43,110,0.719,2025,153
52,CHC,Total,7,44,109,0.712,2025,153
53,CHC,Total,8,47,106,0.693,2025,153
54,CHC,Total,9,20,94,0.825,2025,114
112,CIN,Home,1,29,46,0.613,2025,75
113,CIN,Home,2,20,55,0.733,2025,75
114,CIN,Home,3,20,55,0.733,2025,75
115,CIN,Home,4,22,53,0.707,2025,75
116,CIN,Home,5,16,59,0.787,2025,75
117,CIN,Home,6,23,52,0.693,2025,75
118,CIN,Home,7,24,50,0.676,2025,74
119,CIN,Home,8,14,60,0.811,2025,74
120,CIN,Home,9,9,31,0.775,2025,40
123,CIN,Road,1,17,61,0.782,2025,78
124,CIN,Road,2,15,63,0.808,2025,78
125,CIN,Road,3,22,56,0.718,2025,78
126,CIN,Road,4,23,55,0.705,2025,78
127,CIN,Road,5,23,55,0.705,2025,78
128,CIN,Road,6,22,56,0.718,2025,78
129,CIN,Road,7,14,64,0.821,2025,78
130,CIN,Road,8,27,51,0.654,2025,78
131,CIN,Road,9,22,56,0.718,2025,78
57,CIN,Total,1,46,107,0.699,2025,153
58,CIN,Total,2,35,118,0.771,2025,153
59,CIN,Total,3,42,111,0.725,2025,153
60,CIN,Total,4,45,108,0.706,2025,153
61,CIN,Total,5,39,114,0.745,2025,153
62,CIN,Total,6,45,108,0.706,2025,153
63,CIN,Total,7,38,114,0.75,2025,152
64,CIN,Total,8,41,111,0.73,2025,152
65,CIN,Total,9,31,87,0.737,2025,118
134,CLE,Home,1,24,51,0.68,2025,75
135,CLE,Home,2,11,64,0.853,2025,75
136,CLE,Home,3,18,57,0.76,2025,75
137,CLE,Home,4,30,45,0.6,2025,75
138,CLE,Home,5,15,60,0.8,2025,75
139,CLE,Home,6,19,56,0.747,2025,75
140,CLE,Home,7,19,56,0.747,2025,75
141,CLE,Home,8,16,59,0.787,2025,75
142,CLE,Home,9,8,33,0.805,2025,41
144,CLE,Road,1,17,60,0.779,2025,77
145,CLE,Road,2,18,59,0.766,2025,77
146,CLE,Road,3,21,56,0.727,2025,77
147,CLE,Road,4,23,54,0.701,2025,77
148,CLE,Road,5,15,62,0.805,2025,77
149,CLE,Road,6,24,53,0.688,2025,77
150,CLE,Road,7,17,60,0.779,2025,77
151,CLE,Road,8,16,61,0.792,2025,77
152,CLE,Road,9,16,61,0.792,2025,77
68,CLE,Total,1,41,111,0.73,2025,152
69,CLE,Total,2,29,123,0.809,2025,152
70,CLE,Total,3,39,113,0.743,2025,152
71,CLE,Total,4,53,99,0.651,2025,152
72,CLE,Total,5,30,122,0.803,2025,152
73,CLE,Total,6,43,109,0.717,2025,152
74,CLE,Total,7,36,116,0.763,2025,152
75,CLE,Total,8,32,120,0.789,2025,152
76,CLE,Total,9,24,94,0.797,2025,118
155,COL,Home,1,22,56,0.718,2025,78
156,COL,Home,2,24,54,0.692,2025,78
157,COL,Home,3,29,49,0.628,2025,78
158,COL,Home,4,26,52,0.667,2025,78
159,COL,Home,5,23,55,0.705,2025,78
160,COL,Home,6,20,58,0.744,2025,78
161,COL,Home,7,19,59,0.756,2025,78
162,COL,Home,8,24,54,0.692,2025,78
163,COL,Home,9,19,40,0.678,2025,59
166,COL,Road,1,10,65,0.867,2025,75
167,COL,Road,2,10,65,0.867,2025,75
168,COL,Road,3,17,58,0.773,2025,75
169,COL,Road,4,14,61,0.813,2025,75
170,COL,Road,5,16,59,0.787,2025,75
171,COL,Road,6,18,57,0.76,2025,75
172,COL,Road,7,19,56,0.747,2025,75
173,COL,Road,8,15,60,0.8,2025,75
174,COL,Road,9,13,62,0.827,2025,75
79,COL,Total,1,32,121,0.791,2025,153
80,COL,Total,2,34,119,0.778,2025,153
81,COL,Total,3,46,107,0.699,2025,153
82,COL,Total,4,40,113,0.739,2025,153
83,COL,Total,5,39,114,0.745,2025,153
84,COL,Total,6,38,115,0.752,2025,153
85,COL,Total,7,38,115,0.752,2025,153
86,COL,Total,8,39,114,0.745,2025,153
87,COL,Total,9,32,102,0.761,2025,134
177,CWS,Home,1,24,54,0.692,2025,78
178,CWS,Home,2,22,56,0.718,2025,78
179,CWS,Home,3,13,65,0.833,2025,78
180,CWS,Home,4,20,58,0.744,2025,78
181,CWS,Home,5,17,61,0.782,2025,78
182,CWS,Home,6,21,57,0.731,2025,78
183,CWS,Home,7,17,59,0.776,2025,76
184,CWS,Home,8,23,53,0.697,2025,76
185,CWS,Home,9,5,43,0.896,2025,48
188,CWS,Road,1,23,52,0.693,2025,75
189,CWS,Road,2,17,58,0.773,2025,75
190,CWS,Road,3,16,59,0.787,2025,75
191,CWS,Road,4,21,54,0.72,2025,75
192,CWS,Road,5,19,56,0.747,2025,75
193,CWS,Road,6,20,55,0.733,2025,75
194,CWS,Road,7,19,56,0.747,2025,75
195,CWS,Road,8,16,58,0.784,2025,74
196,CWS,Road,9,16,58,0.784,2025,74
90,CWS,Total,1,47,106,0.693,2025,153
91,CWS,Total,2,39,114,0.745,2025,153
92,CWS,Total,3,29,124,0.81,2025,153
93,CWS,Total,4,41,112,0.732,2025,153
94,CWS,Total,5,36,117,0.765,2025,153
95,CWS,Total,6,41,112,0.732,2025,153
96,CWS,Total,7,36,115,0.762,2025,151
97,CWS,Total,8,39,111,0.74,2025,150
98,CWS,Total,9,21,101,0.828,2025,122
199,DET,Home,1,24,54,0.692,2025,78
200,DET,Home,2,24,54,0.692,2025,78
201,DET,Home,3,24,54,0.692,2025,78
202,DET,Home,4,30,48,0.615,2025,78
203,DET,Home,5,30,48,0.615,2025,78
204,DET,Home,6,20,58,0.744,2025,78
205,DET,Home,7,25,53,0.679,2025,78
206,DET,Home,8,16,62,0.795,2025,78
207,DET,Home,9,7,29,0.806,2025,36
210,DET,Road,1,16,59,0.787,2025,75
211,DET,Road,2,18,57,0.76,2025,75
212,DET,Road,3,23,52,0.693,2025,75
213,DET,Road,4,20,55,0.733,2025,75
214,DET,Road,5,14,61,0.813,2025,75
215,DET,Road,6,11,64,0.853,2025,75
216,DET,Road,7,22,53,0.707,2025,75
217,DET,Road,8,24,51,0.68,2025,75
218,DET,Road,9,17,58,0.773,2025,75
101,DET,Total,1,40,113,0.739,2025,153
102,DET,Total,2,42,111,0.725,2025,153
103,DET,Total,3,47,106,0.693,2025,153
104,DET,Total,4,50,103,0.673,2025,153
105,DET,Total,5,44,109,0.712,2025,153
106,DET,Total,6,31,122,0.797,2025,153
107,DET,Total,7,47,106,0.693,2025,153
108,DET,Total,8,40,113,0.739,2025,153
109,DET,Total,9,24,87,0.784,2025,111
221,HOU,Home,1,20,58,0.744,2025,78
222,HOU,Home,2,15,63,0.808,2025,78
223,HOU,Home,3,23,55,0.705,2025,78
224,HOU,Home,4,19,59,0.756,2025,78
225,HOU,Home,5,24,54,0.692,2025,78
226,HOU,Home,6,24,54,0.692,2025,78
227,HOU,Home,7,18,60,0.769,2025,78
228,HOU,Home,8,22,56,0.718,2025,78
229,HOU,Home,9,6,33,0.846,2025,39
233,HOU,Road,1,21,54,0.72,2025,75
234,HOU,Road,2,16,59,0.787,2025,75
235,HOU,Road,3,19,56,0.747,2025,75
236,HOU,Road,4,15,60,0.8,2025,75
237,HOU,Road,5,19,56,0.747,2025,75
238,HOU,Road,6,25,50,0.667,2025,75
239,HOU,Road,7,17,58,0.773,2025,75
240,HOU,Road,8,21,53,0.716,2025,74
241,HOU,Road,9,14,60,0.811,2025,74
112,HOU,Total,1,41,112,0.732,2025,153
113,HOU,Total,2,31,122,0.797,2025,153
114,HOU,Total,3,42,111,0.725,2025,153
115,HOU,Total,4,34,119,0.778,2025,153
116,HOU,Total,5,43,110,0.719,2025,153
117,HOU,Total,6,49,104,0.68,2025,153
118,HOU,Total,7,35,118,0.771,2025,153
119,HOU,Total,8,43,109,0.717,2025,152
120,HOU,Total,9,20,93,0.823,2025,113
245,KC,Home,1,25,53,0.679,2025,78
246,KC,Home,2,16,62,0.795,2025,78
247,KC,Home,3,18,60,0.769,2025,78
248,KC,Home,4,18,60,0.769,2025,78
249,KC,Home,5,17,61,0.782,2025,78
250,KC,Home,6,20,58,0.744,2025,78
251,KC,Home,7,18,60,0.769,2025,78
252,KC,Home,8,21,57,0.731,2025,78
253,KC,Home,9,10,34,0.773,2025,44
257,KC,Road,1,23,52,0.693,2025,75
258,KC,Road,2,14,61,0.813,2025,75
259,KC,Road,3,18,57,0.76,2025,75
260,KC,Road,4,20,55,0.733,2025,75
261,KC,Road,5,23,52,0.693,2025,75
262,KC,Road,6,13,62,0.827,2025,75
263,KC,Road,7,16,59,0.787,2025,75
264,KC,Road,8,21,54,0.72,2025,75
265,KC,Road,9,17,58,0.773,2025,75
124,KC,Total,1,48,105,0.686,2025,153
125,KC,Total,2,30,123,0.804,2025,153
126,KC,Total,3,36,117,0.765,2025,153
127,KC,Total,4,38,115,0.752,2025,153
128,KC,Total,5,40,113,0.739,2025,153
129,KC,Total,6,33,120,0.784,2025,153
130,KC,Total,7,34,119,0.778,2025,153
131,KC,Total,8,42,111,0.725,2025,153
132,KC,Total,9,27,92,0.773,2025,119
268,LAA,Home,1,25,50,0.667,2025,75
269,LAA,Home,2,15,60,0.8,2025,75
270,LAA,Home,3,16,59,0.787,2025,75
271,LAA,Home,4,22,53,0.707,2025,75
272,LAA,Home,5,21,54,0.72,2025,75
273,LAA,Home,6,19,56,0.747,2025,75
274,LAA,Home,7,19,56,0.747,2025,75
275,LAA,Home,8,19,56,0.747,2025,75
276,LAA,Home,9,9,38,0.809,2025,47
279,LAA,Road,1,27,51,0.654,2025,78
280,LAA,Road,2,19,59,0.756,2025,78
281,LAA,Road,3,18,60,0.769,2025,78
282,LAA,Road,4,19,59,0.756,2025,78
283,LAA,Road,5,26,52,0.667,2025,78
284,LAA,Road,6,17,61,0.782,2025,78
285,LAA,Road,7,21,57,0.731,2025,78
286,LAA,Road,8,17,61,0.782,2025,78
287,LAA,Road,9,18,60,0.769,2025,78
136,LAA,Total,1,52,101,0.66,2025,153
137,LAA,Total,2,34,119,0.778,2025,153
138,LAA,Total,3,34,119,0.778,2025,153
139,LAA,Total,4,41,112,0.732,2025,153
140,LAA,Total,5,47,106,0.693,2025,153
141,LAA,Total,6,36,117,0.765,2025,153
142,LAA,Total,7,40,113,0.739,2025,153
143,LAA,Total,8,36,117,0.765,2025,153
144,LAA,Total,9,27,98,0.784,2025,125
291,LAD,Home,1,28,50,0.641,2025,78
292,LAD,Home,2,27,51,0.654,2025,78
293,LAD,Home,3,22,56,0.718,2025,78
294,LAD,Home,4,23,55,0.705,2025,78
295,LAD,Home,5,22,56,0.718,2025,78
296,LAD,Home,6,29,49,0.628,2025,78
297,LAD,Home,7,23,55,0.705,2025,78
298,LAD,Home,8,25,53,0.679,2025,78
299,LAD,Home,9,10,27,0.73,2025,37
301,LAD,Road,1,23,52,0.693,2025,75
302,LAD,Road,2,20,55,0.733,2025,75
303,LAD,Road,3,20,55,0.733,2025,75
304,LAD,Road,4,18,57,0.76,2025,75
305,LAD,Road,5,21,54,0.72,2025,75
306,LAD,Road,6,25,50,0.667,2025,75
307,LAD,Road,7,24,51,0.68,2025,75
308,LAD,Road,8,15,60,0.8,2025,75
309,LAD,Road,9,24,51,0.68,2025,75
148,LAD,Total,1,51,102,0.667,2025,153
149,LAD,Total,2,47,106,0.693,2025,153
150,LAD,Total,3,42,111,0.725,2025,153
151,LAD,Total,4,41,112,0.732,2025,153
152,LAD,Total,5,43,110,0.719,2025,153
153,LAD,Total,6,54,99,0.647,2025,153
154,LAD,Total,7,47,106,0.693,2025,153
155,LAD,Total,8,40,113,0.739,2025,153
156,LAD,Total,9,34,78,0.696,2025,112
314,MIA,Home,1,23,55,0.705,2025,78
315,MIA,Home,2,23,55,0.705,2025,78
316,MIA,Home,3,15,63,0.808,2025,78
317,MIA,Home,4,15,63,0.808,2025,78
318,MIA,Home,5,22,56,0.718,2025,78
319,MIA,Home,6,22,56,0.718,2025,78
320,MIA,Home,7,21,57,0.731,2025,78
321,MIA,Home,8,18,60,0.769,2025,78
322,MIA,Home,9,11,40,0.784,2025,51
326,MIA,Road,1,19,56,0.747,2025,75
327,MIA,Road,2,14,61,0.813,2025,75
328,MIA,Road,3,23,52,0.693,2025,75
329,MIA,Road,4,19,56,0.747,2025,75
330,MIA,Road,5,24,51,0.68,2025,75
331,MIA,Road,6,17,58,0.773,2025,75
332,MIA,Road,7,24,51,0.68,2025,75
333,MIA,Road,8,24,51,0.68,2025,75
334,MIA,Road,9,16,59,0.787,2025,75
161,MIA,Total,1,42,111,0.725,2025,153
162,MIA,Total,2,37,116,0.758,2025,153
163,MIA,Total,3,38,115,0.752,2025,153
164,MIA,Total,4,34,119,0.778,2025,153
165,MIA,Total,5,46,107,0.699,2025,153
166,MIA,Total,6,39,114,0.745,2025,153
167,MIA,Total,7,45,108,0.706,2025,153
168,MIA,Total,8,42,111,0.725,2025,153
169,MIA,Total,9,27,99,0.786,2025,126
337,MIL,Home,1,14,64,0.821,2025,78
338,MIL,Home,2,20,58,0.744,2025,78
339,MIL,Home,3,28,50,0.641,2025,78
340,MIL,Home,4,33,45,0.577,2025,78
341,MIL,Home,5,24,54,0.692,2025,78
342,MIL,Home,6,19,59,0.756,2025,78
343,MIL,Home,7,18,60,0.769,2025,78
344,MIL,Home,8,22,56,0.718,2025,78
345,MIL,Home,9,8,30,0.789,2025,38
348,MIL,Road,1,23,52,0.693,2025,75
349,MIL,Road,2,23,52,0.693,2025,75
350,MIL,Road,3,19,56,0.747,2025,75
351,MIL,Road,4,24,51,0.68,2025,75
352,MIL,Road,5,19,56,0.747,2025,75
353,MIL,Road,6,27,48,0.64,2025,75
354,MIL,Road,7,17,58,0.773,2025,75
355,MIL,Road,8,23,52,0.693,2025,75
356,MIL,Road,9,21,54,0.72,2025,75
173,MIL,Total,1,37,116,0.758,2025,153
174,MIL,Total,2,43,110,0.719,2025,153
175,MIL,Total,3,47,106,0.693,2025,153
176,MIL,Total,4,57,96,0.627,2025,153
177,MIL,Total,5,43,110,0.719,2025,153
178,MIL,Total,6,46,107,0.699,2025,153
179,MIL,Total,7,35,118,0.771,2025,153
180,MIL,Total,8,45,108,0.706,2025,153
181,MIL,Total,9,29,84,0.743,2025,113
359,MIN,Home,1,20,57,0.74,2025,77
360,MIN,Home,2,21,56,0.727,2025,77
361,MIN,Home,3,22,55,0.714,2025,77
362,MIN,Home,4,23,54,0.701,2025,77
363,MIN,Home,5,27,50,0.649,2025,77
364,MIN,Home,6,29,48,0.623,2025,77
365,MIN,Home,7,17,60,0.779,2025,77
366,MIN,Home,8,11,65,0.855,2025,76
367,MIN,Home,9,8,41,0.837,2025,49
370,MIN,Road,1,21,54,0.72,2025,75
371,MIN,Road,2,17,58,0.773,2025,75
372,MIN,Road,3,14,61,0.813,2025,75
373,MIN,Road,4,27,48,0.64,2025,75
374,MIN,Road,5,18,57,0.76,2025,75
375,MIN,Road,6,26,49,0.653,2025,75
376,MIN,Road,7,20,54,0.73,2025,74
377,MIN,Road,8,16,58,0.784,2025,74
378,MIN,Road,9,22,52,0.703,2025,74
184,MIN,Total,1,41,111,0.73,2025,152
185,MIN,Total,2,38,114,0.75,2025,152
186,MIN,Total,3,36,116,0.763,2025,152
187,MIN,Total,4,50,102,0.671,2025,152
188,MIN,Total,5,45,107,0.704,2025,152
189,MIN,Total,6,55,97,0.638,2025,152
190,MIN,Total,7,37,114,0.755,2025,151
191,MIN,Total,8,27,123,0.82,2025,150
192,MIN,Total,9,30,93,0.756,2025,123
381,NYM,Home,1,29,49,0.628,2025,78
382,NYM,Home,2,22,56,0.718,2025,78
383,NYM,Home,3,28,50,0.641,2025,78
384,NYM,Home,4,23,55,0.705,2025,78
385,NYM,Home,5,23,55,0.705,2025,78
386,NYM,Home,6,18,60,0.769,2025,78
387,NYM,Home,7,22,56,0.718,2025,78
388,NYM,Home,8,26,52,0.667,2025,78
389,NYM,Home,9,7,31,0.816,2025,38
394,NYM,Road,1,18,57,0.76,2025,75
395,NYM,Road,2,19,56,0.747,2025,75
396,NYM,Road,3,25,50,0.667,2025,75
397,NYM,Road,4,17,58,0.773,2025,75
398,NYM,Road,5,20,55,0.733,2025,75
399,NYM,Road,6,18,57,0.76,2025,75
400,NYM,Road,7,19,56,0.747,2025,75
401,NYM,Road,8,19,56,0.747,2025,75
402,NYM,Road,9,24,51,0.68,2025,75
195,NYM,Total,1,47,106,0.693,2025,153
196,NYM,Total,2,41,112,0.732,2025,153
197,NYM,Total,3,53,100,0.654,2025,153
198,NYM,Total,4,40,113,0.739,2025,153
199,NYM,Total,5,43,110,0.719,2025,153
200,NYM,Total,6,36,117,0.765,2025,153
201,NYM,Total,7,41,112,0.732,2025,153
202,NYM,Total,8,45,108,0.706,2025,153
203,NYM,Total,9,31,82,0.726,2025,113
405,NYY,Home,1,26,49,0.653,2025,75
406,NYY,Home,2,25,50,0.667,2025,75
407,NYY,Home,3,25,50,0.667,2025,75
408,NYY,Home,4,21,54,0.72,2025,75
409,NYY,Home,5,19,56,0.747,2025,75
410,NYY,Home,6,20,54,0.73,2025,74
411,NYY,Home,7,19,55,0.743,2025,74
412,NYY,Home,8,21,53,0.716,2025,74
413,NYY,Home,9,6,28,0.824,2025,34
416,NYY,Road,1,34,44,0.564,2025,78
417,NYY,Road,2,20,58,0.744,2025,78
418,NYY,Road,3,20,58,0.744,2025,78
419,NYY,Road,4,26,52,0.667,2025,78
420,NYY,Road,5,27,51,0.654,2025,78
421,NYY,Road,6,19,59,0.756,2025,78
422,NYY,Road,7,31,47,0.603,2025,78
423,NYY,Road,8,22,56,0.718,2025,78
424,NYY,Road,9,23,55,0.705,2025,78
208,NYY,Total,1,60,93,0.608,2025,153
209,NYY,Total,2,45,108,0.706,2025,153
210,NYY,Total,3,45,108,0.706,2025,153
211,NYY,Total,4,47,106,0.693,2025,153
212,NYY,Total,5,46,107,0.699,2025,153
213,NYY,Total,6,39,113,0.743,2025,152
214,NYY,Total,7,50,102,0.671,2025,152
215,NYY,Total,8,43,109,0.717,2025,152
216,NYY,Total,9,29,83,0.741,2025,112
427,OAK,Home,1,26,49,0.653,2025,75
428,OAK,Home,2,21,54,0.72,2025,75
429,OAK,Home,3,29,46,0.613,2025,75
430,OAK,Home,4,16,59,0.787,2025,75
431,OAK,Home,5,23,52,0.693,2025,75
432,OAK,Home,6,14,61,0.813,2025,75
433,OAK,Home,7,22,53,0.707,2025,75
434,OAK,Home,8,19,56,0.747,2025,75
435,OAK,Home,9,11,39,0.78,2025,50
438,OAK,Road,1,23,55,0.705,2025,78
439,OAK,Road,2,19,59,0.756,2025,78
440,OAK,Road,3,19,59,0.756,2025,78
441,OAK,Road,4,27,51,0.654,2025,78
442,OAK,Road,5,20,58,0.744,2025,78
443,OAK,Road,6,28,50,0.641,2025,78
444,OAK,Road,7,16,62,0.795,2025,78
445,OAK,Road,8,21,57,0.731,2025,78
446,OAK,Road,9,25,53,0.679,2025,78
219,OAK,Total,1,49,104,0.68,2025,153
220,OAK,Total,2,40,113,0.739,2025,153
221,OAK,Total,3,48,105,0.686,2025,153
222,OAK,Total,4,43,110,0.719,2025,153
223,OAK,Total,5,43,110,0.719,2025,153
224,OAK,Total,6,42,111,0.725,2025,153
225,OAK,Total,7,38,115,0.752,2025,153
226,OAK,Total,8,40,113,0.739,2025,153
227,OAK,Total,9,36,92,0.719,2025,128
449,PHI,Home,1,30,45,0.6,2025,75
450,PHI,Home,2,20,55,0.733,2025,75
451,PHI,Home,3,19,56,0.747,2025,75
452,PHI,Home,4,31,44,0.587,2025,75
453,PHI,Home,5,24,51,0.68,2025,75
454,PHI,Home,6,19,56,0.747,2025,75
455,PHI,Home,7,29,46,0.613,2025,75
456,PHI,Home,8,32,43,0.573,2025,75
457,PHI,Home,9,5,23,0.821,2025,28
460,PHI,Road,1,21,57,0.731,2025,78
461,PHI,Road,2,15,63,0.808,2025,78
462,PHI,Road,3,15,63,0.808,2025,78
463,PHI,Road,4,20,58,0.744,2025,78
464,PHI,Road,5,17,61,0.782,2025,78
465,PHI,Road,6,16,62,0.795,2025,78
466,PHI,Road,7,20,58,0.744,2025,78
467,PHI,Road,8,19,59,0.756,2025,78
468,PHI,Road,9,20,58,0.744,2025,78
230,PHI,Total,1,51,102,0.667,2025,153
231,PHI,Total,2,35,118,0.771,2025,153
232,PHI,Total,3,34,119,0.778,2025,153
233,PHI,Total,4,51,102,0.667,2025,153
234,PHI,Total,5,41,112,0.732,2025,153
235,PHI,Total,6,35,118,0.771,2025,153
236,PHI,Total,7,49,104,0.68,2025,153
237,PHI,Total,8,51,102,0.667,2025,153
238,PHI,Total,9,25,81,0.764,2025,106
471,PIT,Home,1,23,55,0.705,2025,78
472,PIT,Home,2,23,55,0.705,2025,78
473,PIT,Home,3,22,56,0.718,2025,78
474,PIT,Home,4,17,61,0.782,2025,78
475,PIT,Home,5,17,61,0.782,2025,78
476,PIT,Home,6,15,63,0.808,2025,78
477,PIT,Home,7,20,58,0.744,2025,78
478,PIT,Home,8,19,59,0.756,2025,78
479,PIT,Home,9,8,34,0.81,2025,42
484,PIT,Road,1,19,56,0.747,2025,75
485,PIT,Road,2,12,63,0.84,2025,75
486,PIT,Road,3,12,63,0.84,2025,75
487,PIT,Road,4,14,61,0.813,2025,75
488,PIT,Road,5,23,52,0.693,2025,75
489,PIT,Road,6,19,56,0.747,2025,75
490,PIT,Road,7,13,62,0.827,2025,75
491,PIT,Road,8,12,63,0.84,2025,75
492,PIT,Road,9,15,60,0.8,2025,75
241,PIT,Total,1,42,111,0.725,2025,153
242,PIT,Total,2,35,118,0.771,2025,153
243,PIT,Total,3,34,119,0.778,2025,153
244,PIT,Total,4,31,122,0.797,2025,153
245,PIT,Total,5,40,113,0.739,2025,153
246,PIT,Total,6,34,119,0.778,2025,153
247,PIT,Total,7,33,120,0.784,2025,153
248,PIT,Total,8,31,122,0.797,2025,153
249,PIT,Total,9,23,94,0.803,2025,117
496,SD,Home,1,19,56,0.747,2025,75
497,SD,Home,2,19,56,0.747,2025,75
498,SD,Home,3,26,49,0.653,2025,75
499,SD,Home,4,20,55,0.733,2025,75
500,SD,Home,5,22,53,0.707,2025,75
501,SD,Home,6,21,54,0.72,2025,75
502,SD,Home,7,29,46,0.613,2025,75
503,SD,Home,8,18,57,0.76,2025,75
504,SD,Home,9,5,30,0.857,2025,35
507,SD,Road,1,21,57,0.731,2025,78
508,SD,Road,2,25,53,0.679,2025,78
509,SD,Road,3,21,57,0.731,2025,78
510,SD,Road,4,18,60,0.769,2025,78
511,SD,Road,5,18,60,0.769,2025,78
512,SD,Road,6,12,66,0.846,2025,78
513,SD,Road,7,23,55,0.705,2025,78
514,SD,Road,8,17,61,0.782,2025,78
515,SD,Road,9,19,59,0.756,2025,78
254,SD,Total,1,40,113,0.739,2025,153
255,SD,Total,2,44,109,0.712,2025,153
256,SD,Total,3,47,106,0.693,2025,153
257,SD,Total,4,38,115,0.752,2025,153
258,SD,Total,5,40,113,0.739,2025,153
259,SD,Total,6,33,120,0.784,2025,153
260,SD,Total,7,52,101,0.66,2025,153
261,SD,Total,8,35,118,0.771,2025,153
262,SD,Total,9,24,89,0.788,2025,113
518,SEA,Home,1,16,59,0.787,2025,75
519,SEA,Home,2,26,49,0.653,2025,75
520,SEA,Home,3,17,58,0.773,2025,75
521,SEA,Home,4,24,51,0.68,2025,75
522,SEA,Home,5,15,60,0.8,2025,75
523,SEA,Home,6,19,56,0.747,2025,75
524,SEA,Home,7,21,54,0.72,2025,75
525,SEA,Home,8,13,62,0.827,2025,75
526,SEA,Home,9,4,33,0.892,2025,37
531,SEA,Road,1,28,50,0.641,2025,78
532,SEA,Road,2,20,58,0.744,2025,78
533,SEA,Road,3,20,58,0.744,2025,78
534,SEA,Road,4,22,56,0.718,2025,78
535,SEA,Road,5,20,58,0.744,2025,78
536,SEA,Road,6,25,53,0.679,2025,78
537,SEA,Road,7,25,53,0.679,2025,78
538,SEA,Road,8,18,60,0.769,2025,78
539,SEA,Road,9,28,50,0.641,2025,78
265,SEA,Total,1,44,109,0.712,2025,153
266,SEA,Total,2,46,107,0.699,2025,153
267,SEA,Total,3,37,116,0.758,2025,153
268,SEA,Total,4,46,107,0.699,2025,153
269,SEA,Total,5,35,118,0.771,2025,153
270,SEA,Total,6,44,109,0.712,2025,153
271,SEA,Total,7,46,107,0.699,2025,153
272,SEA,Total,8,31,122,0.797,2025,153
273,SEA,Total,9,32,83,0.722,2025,115
543,SF,Home,1,24,51,0.68,2025,75
544,SF,Home,2,16,59,0.787,2025,75
545,SF,Home,3,17,58,0.773,2025,75
546,SF,Home,4,21,54,0.72,2025,75
547,SF,Home,5,21,54,0.72,2025,75
548,SF,Home,6,19,56,0.747,2025,75
549,SF,Home,7,12,63,0.84,2025,75
550,SF,Home,8,19,56,0.747,2025,75
551,SF,Home,9,6,42,0.875,2025,48
554,SF,Road,1,25,53,0.679,2025,78
555,SF,Road,2,19,59,0.756,2025,78
556,SF,Road,3,19,59,0.756,2025,78
557,SF,Road,4,19,59,0.756,2025,78
558,SF,Road,5,23,55,0.705,2025,78
559,SF,Road,6,21,57,0.731,2025,78
560,SF,Road,7,18,59,0.766,2025,77
561,SF,Road,8,16,61,0.792,2025,77
562,SF,Road,9,16,61,0.792,2025,77
278,SF,Total,1,49,104,0.68,2025,153
279,SF,Total,2,35,118,0.771,2025,153
280,SF,Total,3,36,117,0.765,2025,153
281,SF,Total,4,40,113,0.739,2025,153
282,SF,Total,5,44,109,0.712,2025,153
283,SF,Total,6,40,113,0.739,2025,153
284,SF,Total,7,30,122,0.803,2025,152
285,SF,Total,8,35,117,0.77,2025,152
286,SF,Total,9,22,103,0.824,2025,125
565,STL,Home,1,17,61,0.782,2025,78
566,STL,Home,2,22,56,0.718,2025,78
567,STL,Home,3,21,57,0.731,2025,78
568,STL,Home,4,18,60,0.769,2025,78
569,STL,Home,5,18,60,0.769,2025,78
570,STL,Home,6,30,48,0.615,2025,78
571,STL,Home,7,20,58,0.744,2025,78
572,STL,Home,8,17,61,0.782,2025,78
573,STL,Home,9,5,37,0.881,2025,42
576,STL,Road,1,20,55,0.733,2025,75
577,STL,Road,2,17,58,0.773,2025,75
578,STL,Road,3,16,59,0.787,2025,75
579,STL,Road,4,23,52,0.693,2025,75
580,STL,Road,5,17,58,0.773,2025,75
581,STL,Road,6,21,54,0.72,2025,75
582,STL,Road,7,20,55,0.733,2025,75
583,STL,Road,8,22,53,0.707,2025,75
584,STL,Road,9,26,49,0.653,2025,75
289,STL,Total,1,37,116,0.758,2025,153
290,STL,Total,2,39,114,0.745,2025,153
291,STL,Total,3,37,116,0.758,2025,153
292,STL,Total,4,41,112,0.732,2025,153
293,STL,Total,5,35,118,0.771,2025,153
294,STL,Total,6,51,102,0.667,2025,153
295,STL,Total,7,40,113,0.739,2025,153
296,STL,Total,8,39,114,0.745,2025,153
297,STL,Total,9,31,86,0.735,2025,117
589,TB,Home,1,27,51,0.654,2025,78
590,TB,Home,2,17,61,0.782,2025,78
591,TB,Home,3,23,55,0.705,2025,78
592,TB,Home,4,28,50,0.641,2025,78
593,TB,Home,5,15,63,0.808,2025,78
594,TB,Home,6,22,56,0.718,2025,78
595,TB,Home,7,19,59,0.756,2025,78
596,TB,Home,8,22,56,0.718,2025,78
597,TB,Home,9,9,34,0.791,2025,43
600,TB,Road,1,19,56,0.747,2025,75
601,TB,Road,2,18,57,0.76,2025,75
602,TB,Road,3,25,50,0.667,2025,75
603,TB,Road,4,27,48,0.64,2025,75
604,TB,Road,5,20,55,0.733,2025,75
605,TB,Road,6,15,60,0.8,2025,75
606,TB,Road,7,17,58,0.773,2025,75
607,TB,Road,8,14,61,0.813,2025,75
608,TB,Road,9,16,59,0.787,2025,75
302,TB,Total,1,46,107,0.699,2025,153
303,TB,Total,2,35,118,0.771,2025,153
304,TB,Total,3,48,105,0.686,2025,153
305,TB,Total,4,55,98,0.641,2025,153
306,TB,Total,5,35,118,0.771,2025,153
307,TB,Total,6,37,116,0.758,2025,153
308,TB,Total,7,36,117,0.765,2025,153
309,TB,Total,8,36,117,0.765,2025,153
310,TB,Total,9,25,93,0.788,2025,118
611,TEX,Home,1,17,58,0.773,2025,75
612,TEX,Home,2,23,52,0.693,2025,75
613,TEX,Home,3,22,53,0.707,2025,75
614,TEX,Home,4,17,58,0.773,2025,75
615,TEX,Home,5,18,57,0.76,2025,75
616,TEX,Home,6,20,55,0.733,2025,75
617,TEX,Home,7,19,56,0.747,2025,75
618,TEX,Home,8,14,61,0.813,2025,75
619,TEX,Home,9,6,31,0.838,2025,37
623,TEX,Road,1,22,56,0.718,2025,78
624,TEX,Road,2,18,60,0.769,2025,78
625,TEX,Road,3,26,52,0.667,2025,78
626,TEX,Road,4,21,57,0.731,2025,78
627,TEX,Road,5,24,54,0.692,2025,78
628,TEX,Road,6,20,58,0.744,2025,78
629,TEX,Road,7,17,61,0.782,2025,78
630,TEX,Road,8,22,56,0.718,2025,78
631,TEX,Road,9,18,60,0.769,2025,78
313,TEX,Total,1,39,114,0.745,2025,153
314,TEX,Total,2,41,112,0.732,2025,153
315,TEX,Total,3,48,105,0.686,2025,153
316,TEX,Total,4,38,115,0.752,2025,153
317,TEX,Total,5,42,111,0.725,2025,153
318,TEX,Total,6,40,113,0.739,2025,153
319,TEX,Total,7,36,117,0.765,2025,153
320,TEX,Total,8,36,117,0.765,2025,153
321,TEX,Total,9,24,91,0.791,2025,115
634,TOR,Home,1,22,53,0.707,2025,75
635,TOR,Home,2,19,56,0.747,2025,75
636,TOR,Home,3,25,50,0.667,2025,75
637,TOR,Home,4,19,56,0.747,2025,75
638,TOR,Home,5,26,49,0.653,2025,75
639,TOR,Home,6,28,47,0.627,2025,75
640,TOR,Home,7,24,51,0.68,2025,75
641,TOR,Home,8,27,48,0.64,2025,75
642,TOR,Home,9,8,26,0.765,2025,34
646,TOR,Road,1,20,58,0.744,2025,78
647,TOR,Road,2,19,59,0.756,2025,78
648,TOR,Road,3,23,55,0.705,2025,78
649,TOR,Road,4,21,57,0.731,2025,78
650,TOR,Road,5,22,56,0.718,2025,78
651,TOR,Road,6,21,57,0.731,2025,78
652,TOR,Road,7,20,58,0.744,2025,78
653,TOR,Road,8,20,57,0.74,2025,77
654,TOR,Road,9,18,59,0.766,2025,77
325,TOR,Total,1,42,111,0.725,2025,153
326,TOR,Total,2,38,115,0.752,2025,153
327,TOR,Total,3,48,105,0.686,2025,153
328,TOR,Total,4,40,113,0.739,2025,153
329,TOR,Total,5,48,105,0.686,2025,153
330,TOR,Total,6,49,104,0.68,2025,153
331,TOR,Total,7,44,109,0.712,2025,153
332,TOR,Total,8,47,105,0.691,2025,152
333,TOR,Total,9,26,85,0.766,2025,111
658,WSH,Home,1,21,57,0.731,2025,78
659,WSH,Home,2,21,57,0.731,2025,78
660,WSH,Home,3,17,61,0.782,2025,78
661,WSH,Home,4,19,59,0.756,2025,78
662,WSH,Home,5,14,64,0.821,2025,78
663,WSH,Home,6,20,58,0.744,2025,78
664,WSH,Home,7,15,63,0.808,2025,78
665,WSH,Home,8,18,60,0.769,2025,78
666,WSH,Home,9,14,38,0.731,2025,52
669,WSH,Road,1,19,56,0.747,2025,75
670,WSH,Road,2,15,60,0.8,2025,75
671,WSH,Road,3,12,63,0.84,2025,75
672,WSH,Road,4,24,51,0.68,2025,75
673,WSH,Road,5,19,56,0.747,2025,75
674,WSH,Road,6,26,49,0.653,2025,75
675,WSH,Road,7,22,53,0.707,2025,75
676,WSH,Road,8,18,57,0.76,2025,75
677,WSH,Road,9,24,51,0.68,2025,75
337,WSH,Total,1,40,113,0.739,2025,153
338,WSH,Total,2,36,117,0.765,2025,153
339,WSH,Total,3,29,124,0.81,2025,153
340,WSH,Total,4,43,110,0.719,2025,153
341,WSH,Total,5,33,120,0.784,2025,153
342,WSH,Total,6,46,107,0.699,2025,153
343,WSH,Total,7,37,116,0.758,2025,153
344,WSH,Total,8,36,117,0.765,2025,153
345,WSH,Total,9,38,89,0.701,2025,127
