,BatterTeam,Split,inning,YRA,NRA,NRA%,Year,Apps
0,ARI,Home,1,33,37,0.529,2025,70
1,ARI,Home,2,20,50,0.714,2025,70
2,ARI,Home,3,25,45,0.643,2025,70
3,ARI,Home,4,24,46,0.657,2025,70
4,ARI,Home,5,29,41,0.586,2025,70
5,ARI,Home,6,16,54,0.771,2025,70
6,ARI,Home,7,16,54,0.771,2025,70
7,ARI,Home,8,22,48,0.686,2025,70
8,ARI,Home,9,12,27,0.692,2025,39
11,ARI,Road,1,18,54,0.75,2025,72
12,ARI,Road,2,23,49,0.681,2025,72
13,ARI,Road,3,23,49,0.681,2025,72
14,ARI,Road,4,23,49,0.681,2025,72
15,ARI,Road,5,21,51,0.708,2025,72
16,ARI,Road,6,16,56,0.778,2025,72
17,ARI,Road,7,20,52,0.722,2025,72
18,ARI,Road,8,18,54,0.75,2025,72
19,ARI,Road,9,21,51,0.708,2025,72
0,ARI,Total,1,51,91,0.641,2025,142
1,ARI,Total,2,43,99,0.697,2025,142
2,ARI,Total,3,48,94,0.662,2025,142
3,ARI,Total,4,47,95,0.669,2025,142
4,ARI,Total,5,50,92,0.648,2025,142
5,ARI,Total,6,32,110,0.775,2025,142
6,ARI,Total,7,36,106,0.746,2025,142
7,ARI,Total,8,40,102,0.718,2025,142
8,ARI,Total,9,33,78,0.703,2025,111
22,ATL,Home,1,21,46,0.687,2025,67
23,ATL,Home,2,10,57,0.851,2025,67
24,ATL,Home,3,17,50,0.746,2025,67
25,ATL,Home,4,18,49,0.731,2025,67
26,ATL,Home,5,18,49,0.731,2025,67
27,ATL,Home,6,22,45,0.672,2025,67
28,ATL,Home,7,16,51,0.761,2025,67
29,ATL,Home,8,16,51,0.761,2025,67
30,ATL,Home,9,9,29,0.763,2025,38
33,ATL,Road,1,20,54,0.73,2025,74
34,ATL,Road,2,19,55,0.743,2025,74
35,ATL,Road,3,15,59,0.797,2025,74
36,ATL,Road,4,24,50,0.676,2025,74
37,ATL,Road,5,16,58,0.784,2025,74
38,ATL,Road,6,20,54,0.73,2025,74
39,ATL,Road,7,17,57,0.77,2025,74
40,ATL,Road,8,20,54,0.73,2025,74
41,ATL,Road,9,20,54,0.73,2025,74
11,ATL,Total,1,41,100,0.709,2025,141
12,ATL,Total,2,29,112,0.794,2025,141
13,ATL,Total,3,32,109,0.773,2025,141
14,ATL,Total,4,42,99,0.702,2025,141
15,ATL,Total,5,34,107,0.759,2025,141
16,ATL,Total,6,42,99,0.702,2025,141
17,ATL,Total,7,33,108,0.766,2025,141
18,ATL,Total,8,36,105,0.745,2025,141
19,ATL,Total,9,29,83,0.741,2025,112
44,BAL,Home,1,18,51,0.739,2025,69
45,BAL,Home,2,21,48,0.696,2025,69
46,BAL,Home,3,23,46,0.667,2025,69
47,BAL,Home,4,12,57,0.826,2025,69
48,BAL,Home,5,19,50,0.725,2025,69
49,BAL,Home,6,20,49,0.71,2025,69
50,BAL,Home,7,24,45,0.652,2025,69
51,BAL,Home,8,20,49,0.71,2025,69
52,BAL,Home,9,5,34,0.872,2025,39
54,BAL,Road,1,19,53,0.736,2025,72
55,BAL,Road,2,11,61,0.847,2025,72
56,BAL,Road,3,22,50,0.694,2025,72
57,BAL,Road,4,18,54,0.75,2025,72
58,BAL,Road,5,20,52,0.722,2025,72
59,BAL,Road,6,15,57,0.792,2025,72
60,BAL,Road,7,20,52,0.722,2025,72
61,BAL,Road,8,15,57,0.792,2025,72
62,BAL,Road,9,12,60,0.833,2025,72
22,BAL,Total,1,37,104,0.738,2025,141
23,BAL,Total,2,32,109,0.773,2025,141
24,BAL,Total,3,45,96,0.681,2025,141
25,BAL,Total,4,30,111,0.787,2025,141
26,BAL,Total,5,39,102,0.723,2025,141
27,BAL,Total,6,35,106,0.752,2025,141
28,BAL,Total,7,44,97,0.688,2025,141
29,BAL,Total,8,35,106,0.752,2025,141
30,BAL,Total,9,17,94,0.847,2025,111
66,BOS,Home,1,24,48,0.667,2025,72
67,BOS,Home,2,17,55,0.764,2025,72
68,BOS,Home,3,23,49,0.681,2025,72
69,BOS,Home,4,19,53,0.736,2025,72
70,BOS,Home,5,24,48,0.667,2025,72
71,BOS,Home,6,24,48,0.667,2025,72
72,BOS,Home,7,24,48,0.667,2025,72
73,BOS,Home,8,20,52,0.722,2025,72
74,BOS,Home,9,7,31,0.816,2025,38
77,BOS,Road,1,20,50,0.714,2025,70
78,BOS,Road,2,19,51,0.729,2025,70
79,BOS,Road,3,21,49,0.7,2025,70
80,BOS,Road,4,18,52,0.743,2025,70
81,BOS,Road,5,20,50,0.714,2025,70
82,BOS,Road,6,20,50,0.714,2025,70
83,BOS,Road,7,16,54,0.771,2025,70
84,BOS,Road,8,14,56,0.8,2025,70
85,BOS,Road,9,23,47,0.671,2025,70
34,BOS,Total,1,44,98,0.69,2025,142
35,BOS,Total,2,36,106,0.746,2025,142
36,BOS,Total,3,44,98,0.69,2025,142
37,BOS,Total,4,37,105,0.739,2025,142
38,BOS,Total,5,44,98,0.69,2025,142
39,BOS,Total,6,44,98,0.69,2025,142
40,BOS,Total,7,40,102,0.718,2025,142
41,BOS,Total,8,34,108,0.761,2025,142
42,BOS,Total,9,30,78,0.722,2025,108
89,CHC,Home,1,20,50,0.714,2025,70
90,CHC,Home,2,28,42,0.6,2025,70
91,CHC,Home,3,20,50,0.714,2025,70
92,CHC,Home,4,18,52,0.743,2025,70
93,CHC,Home,5,24,46,0.657,2025,70
94,CHC,Home,6,17,53,0.757,2025,70
95,CHC,Home,7,16,54,0.771,2025,70
96,CHC,Home,8,21,49,0.7,2025,70
97,CHC,Home,9,4,29,0.879,2025,33
100,CHC,Road,1,22,49,0.69,2025,71
101,CHC,Road,2,18,53,0.746,2025,71
102,CHC,Road,3,18,53,0.746,2025,71
103,CHC,Road,4,25,46,0.648,2025,71
104,CHC,Road,5,20,51,0.718,2025,71
105,CHC,Road,6,23,48,0.676,2025,71
106,CHC,Road,7,25,46,0.648,2025,71
107,CHC,Road,8,23,48,0.676,2025,71
108,CHC,Road,9,16,55,0.775,2025,71
46,CHC,Total,1,42,99,0.702,2025,141
47,CHC,Total,2,46,95,0.674,2025,141
48,CHC,Total,3,38,103,0.73,2025,141
49,CHC,Total,4,43,98,0.695,2025,141
50,CHC,Total,5,44,97,0.688,2025,141
51,CHC,Total,6,40,101,0.716,2025,141
52,CHC,Total,7,41,100,0.709,2025,141
53,CHC,Total,8,44,97,0.688,2025,141
54,CHC,Total,9,20,84,0.808,2025,104
111,CIN,Home,1,29,43,0.597,2025,72
112,CIN,Home,2,19,53,0.736,2025,72
113,CIN,Home,3,19,53,0.736,2025,72
114,CIN,Home,4,19,53,0.736,2025,72
115,CIN,Home,5,16,56,0.778,2025,72
116,CIN,Home,6,22,50,0.694,2025,72
117,CIN,Home,7,23,48,0.676,2025,71
118,CIN,Home,8,14,57,0.803,2025,71
119,CIN,Home,9,9,31,0.775,2025,40
122,CIN,Road,1,14,55,0.797,2025,69
123,CIN,Road,2,11,58,0.841,2025,69
124,CIN,Road,3,20,49,0.71,2025,69
125,CIN,Road,4,21,48,0.696,2025,69
126,CIN,Road,5,22,47,0.681,2025,69
127,CIN,Road,6,21,48,0.696,2025,69
128,CIN,Road,7,12,57,0.826,2025,69
129,CIN,Road,8,24,45,0.652,2025,69
130,CIN,Road,9,20,49,0.71,2025,69
57,CIN,Total,1,43,98,0.695,2025,141
58,CIN,Total,2,30,111,0.787,2025,141
59,CIN,Total,3,39,102,0.723,2025,141
60,CIN,Total,4,40,101,0.716,2025,141
61,CIN,Total,5,38,103,0.73,2025,141
62,CIN,Total,6,43,98,0.695,2025,141
63,CIN,Total,7,35,105,0.75,2025,140
64,CIN,Total,8,38,102,0.729,2025,140
65,CIN,Total,9,29,80,0.734,2025,109
133,CLE,Home,1,21,47,0.691,2025,68
134,CLE,Home,2,10,58,0.853,2025,68
135,CLE,Home,3,17,51,0.75,2025,68
136,CLE,Home,4,24,44,0.647,2025,68
137,CLE,Home,5,13,55,0.809,2025,68
138,CLE,Home,6,19,49,0.721,2025,68
139,CLE,Home,7,16,52,0.765,2025,68
140,CLE,Home,8,13,55,0.809,2025,68
141,CLE,Home,9,8,32,0.8,2025,40
143,CLE,Road,1,17,55,0.764,2025,72
144,CLE,Road,2,17,55,0.764,2025,72
145,CLE,Road,3,20,52,0.722,2025,72
146,CLE,Road,4,20,52,0.722,2025,72
147,CLE,Road,5,15,57,0.792,2025,72
148,CLE,Road,6,21,51,0.708,2025,72
149,CLE,Road,7,16,56,0.778,2025,72
150,CLE,Road,8,16,56,0.778,2025,72
151,CLE,Road,9,14,58,0.806,2025,72
68,CLE,Total,1,38,102,0.729,2025,140
69,CLE,Total,2,27,113,0.807,2025,140
70,CLE,Total,3,37,103,0.736,2025,140
71,CLE,Total,4,44,96,0.686,2025,140
72,CLE,Total,5,28,112,0.8,2025,140
73,CLE,Total,6,40,100,0.714,2025,140
74,CLE,Total,7,32,108,0.771,2025,140
75,CLE,Total,8,29,111,0.793,2025,140
76,CLE,Total,9,22,90,0.804,2025,112
154,COL,Home,1,22,51,0.699,2025,73
155,COL,Home,2,21,52,0.712,2025,73
156,COL,Home,3,28,45,0.616,2025,73
157,COL,Home,4,25,48,0.658,2025,73
158,COL,Home,5,23,50,0.685,2025,73
159,COL,Home,6,19,54,0.74,2025,73
160,COL,Home,7,17,56,0.767,2025,73
161,COL,Home,8,23,50,0.685,2025,73
162,COL,Home,9,15,39,0.722,2025,54
165,COL,Road,1,9,59,0.868,2025,68
166,COL,Road,2,9,59,0.868,2025,68
167,COL,Road,3,17,51,0.75,2025,68
168,COL,Road,4,12,56,0.824,2025,68
169,COL,Road,5,16,52,0.765,2025,68
170,COL,Road,6,16,52,0.765,2025,68
171,COL,Road,7,18,50,0.735,2025,68
172,COL,Road,8,14,54,0.794,2025,68
173,COL,Road,9,12,56,0.824,2025,68
79,COL,Total,1,31,110,0.78,2025,141
80,COL,Total,2,30,111,0.787,2025,141
81,COL,Total,3,45,96,0.681,2025,141
82,COL,Total,4,37,104,0.738,2025,141
83,COL,Total,5,39,102,0.723,2025,141
84,COL,Total,6,35,106,0.752,2025,141
85,COL,Total,7,35,106,0.752,2025,141
86,COL,Total,8,37,104,0.738,2025,141
87,COL,Total,9,27,95,0.779,2025,122
176,CWS,Home,1,20,52,0.722,2025,72
177,CWS,Home,2,21,51,0.708,2025,72
178,CWS,Home,3,12,60,0.833,2025,72
179,CWS,Home,4,19,53,0.736,2025,72
180,CWS,Home,5,16,56,0.778,2025,72
181,CWS,Home,6,19,53,0.736,2025,72
182,CWS,Home,7,17,53,0.757,2025,70
183,CWS,Home,8,22,48,0.686,2025,70
184,CWS,Home,9,5,39,0.886,2025,44
187,CWS,Road,1,21,49,0.7,2025,70
188,CWS,Road,2,17,53,0.757,2025,70
189,CWS,Road,3,15,55,0.786,2025,70
190,CWS,Road,4,20,50,0.714,2025,70
191,CWS,Road,5,18,52,0.743,2025,70
192,CWS,Road,6,20,50,0.714,2025,70
193,CWS,Road,7,18,52,0.743,2025,70
194,CWS,Road,8,15,54,0.783,2025,69
195,CWS,Road,9,16,53,0.768,2025,69
90,CWS,Total,1,41,101,0.711,2025,142
91,CWS,Total,2,38,104,0.732,2025,142
92,CWS,Total,3,27,115,0.81,2025,142
93,CWS,Total,4,39,103,0.725,2025,142
94,CWS,Total,5,34,108,0.761,2025,142
95,CWS,Total,6,39,103,0.725,2025,142
96,CWS,Total,7,35,105,0.75,2025,140
97,CWS,Total,8,37,102,0.734,2025,139
98,CWS,Total,9,21,92,0.814,2025,113
198,DET,Home,1,22,51,0.699,2025,73
199,DET,Home,2,23,50,0.685,2025,73
200,DET,Home,3,23,50,0.685,2025,73
201,DET,Home,4,28,45,0.616,2025,73
202,DET,Home,5,30,43,0.589,2025,73
203,DET,Home,6,19,54,0.74,2025,73
204,DET,Home,7,25,48,0.658,2025,73
205,DET,Home,8,16,57,0.781,2025,73
206,DET,Home,9,6,26,0.812,2025,32
209,DET,Road,1,16,53,0.768,2025,69
210,DET,Road,2,16,53,0.768,2025,69
211,DET,Road,3,22,47,0.681,2025,69
212,DET,Road,4,19,50,0.725,2025,69
213,DET,Road,5,11,58,0.841,2025,69
214,DET,Road,6,11,58,0.841,2025,69
215,DET,Road,7,18,51,0.739,2025,69
216,DET,Road,8,22,47,0.681,2025,69
217,DET,Road,9,15,54,0.783,2025,69
101,DET,Total,1,38,104,0.732,2025,142
102,DET,Total,2,39,103,0.725,2025,142
103,DET,Total,3,45,97,0.683,2025,142
104,DET,Total,4,47,95,0.669,2025,142
105,DET,Total,5,41,101,0.711,2025,142
106,DET,Total,6,30,112,0.789,2025,142
107,DET,Total,7,43,99,0.697,2025,142
108,DET,Total,8,38,104,0.732,2025,142
109,DET,Total,9,21,80,0.792,2025,101
220,HOU,Home,1,17,58,0.773,2025,75
221,HOU,Home,2,15,60,0.8,2025,75
222,HOU,Home,3,21,54,0.72,2025,75
223,HOU,Home,4,18,57,0.76,2025,75
224,HOU,Home,5,22,53,0.707,2025,75
225,HOU,Home,6,24,51,0.68,2025,75
226,HOU,Home,7,17,58,0.773,2025,75
227,HOU,Home,8,22,53,0.707,2025,75
228,HOU,Home,9,6,33,0.846,2025,39
232,HOU,Road,1,19,48,0.716,2025,67
233,HOU,Road,2,14,53,0.791,2025,67
234,HOU,Road,3,16,51,0.761,2025,67
235,HOU,Road,4,13,54,0.806,2025,67
236,HOU,Road,5,17,50,0.746,2025,67
237,HOU,Road,6,19,48,0.716,2025,67
238,HOU,Road,7,16,51,0.761,2025,67
239,HOU,Road,8,20,46,0.697,2025,66
240,HOU,Road,9,12,54,0.818,2025,66
112,HOU,Total,1,36,106,0.746,2025,142
113,HOU,Total,2,29,113,0.796,2025,142
114,HOU,Total,3,37,105,0.739,2025,142
115,HOU,Total,4,31,111,0.782,2025,142
116,HOU,Total,5,39,103,0.725,2025,142
117,HOU,Total,6,43,99,0.697,2025,142
118,HOU,Total,7,33,109,0.768,2025,142
119,HOU,Total,8,42,99,0.702,2025,141
120,HOU,Total,9,18,87,0.829,2025,105
244,KC,Home,1,23,50,0.685,2025,73
245,KC,Home,2,16,57,0.781,2025,73
246,KC,Home,3,17,56,0.767,2025,73
247,KC,Home,4,16,57,0.781,2025,73
248,KC,Home,5,17,56,0.767,2025,73
249,KC,Home,6,17,56,0.767,2025,73
250,KC,Home,7,18,55,0.753,2025,73
251,KC,Home,8,19,54,0.74,2025,73
252,KC,Home,9,10,31,0.756,2025,41
256,KC,Road,1,19,49,0.721,2025,68
257,KC,Road,2,14,54,0.794,2025,68
258,KC,Road,3,16,52,0.765,2025,68
259,KC,Road,4,20,48,0.706,2025,68
260,KC,Road,5,22,46,0.676,2025,68
261,KC,Road,6,12,56,0.824,2025,68
262,KC,Road,7,12,56,0.824,2025,68
263,KC,Road,8,20,48,0.706,2025,68
264,KC,Road,9,15,53,0.779,2025,68
124,KC,Total,1,42,99,0.702,2025,141
125,KC,Total,2,30,111,0.787,2025,141
126,KC,Total,3,33,108,0.766,2025,141
127,KC,Total,4,36,105,0.745,2025,141
128,KC,Total,5,39,102,0.723,2025,141
129,KC,Total,6,29,112,0.794,2025,141
130,KC,Total,7,30,111,0.787,2025,141
131,KC,Total,8,39,102,0.723,2025,141
132,KC,Total,9,25,84,0.771,2025,109
267,LAA,Home,1,23,47,0.671,2025,70
268,LAA,Home,2,14,56,0.8,2025,70
269,LAA,Home,3,14,56,0.8,2025,70
270,LAA,Home,4,21,49,0.7,2025,70
271,LAA,Home,5,20,50,0.714,2025,70
272,LAA,Home,6,18,52,0.743,2025,70
273,LAA,Home,7,18,52,0.743,2025,70
274,LAA,Home,8,16,54,0.771,2025,70
275,LAA,Home,9,8,37,0.822,2025,45
278,LAA,Road,1,27,44,0.62,2025,71
279,LAA,Road,2,18,53,0.746,2025,71
280,LAA,Road,3,17,54,0.761,2025,71
281,LAA,Road,4,17,54,0.761,2025,71
282,LAA,Road,5,22,49,0.69,2025,71
283,LAA,Road,6,15,56,0.789,2025,71
284,LAA,Road,7,19,52,0.732,2025,71
285,LAA,Road,8,17,54,0.761,2025,71
286,LAA,Road,9,17,54,0.761,2025,71
136,LAA,Total,1,50,91,0.645,2025,141
137,LAA,Total,2,32,109,0.773,2025,141
138,LAA,Total,3,31,110,0.78,2025,141
139,LAA,Total,4,38,103,0.73,2025,141
140,LAA,Total,5,42,99,0.702,2025,141
141,LAA,Total,6,33,108,0.766,2025,141
142,LAA,Total,7,37,104,0.738,2025,141
143,LAA,Total,8,33,108,0.766,2025,141
144,LAA,Total,9,25,91,0.784,2025,116
289,LAD,Home,1,28,43,0.606,2025,71
290,LAD,Home,2,23,48,0.676,2025,71
291,LAD,Home,3,20,51,0.718,2025,71
292,LAD,Home,4,20,51,0.718,2025,71
293,LAD,Home,5,20,51,0.718,2025,71
294,LAD,Home,6,27,44,0.62,2025,71
295,LAD,Home,7,21,50,0.704,2025,71
296,LAD,Home,8,21,50,0.704,2025,71
297,LAD,Home,9,9,26,0.743,2025,35
299,LAD,Road,1,21,49,0.7,2025,70
300,LAD,Road,2,19,51,0.729,2025,70
301,LAD,Road,3,16,54,0.771,2025,70
302,LAD,Road,4,17,53,0.757,2025,70
303,LAD,Road,5,18,52,0.743,2025,70
304,LAD,Road,6,23,47,0.671,2025,70
305,LAD,Road,7,22,48,0.686,2025,70
306,LAD,Road,8,14,56,0.8,2025,70
307,LAD,Road,9,21,49,0.7,2025,70
147,LAD,Total,1,49,92,0.652,2025,141
148,LAD,Total,2,42,99,0.702,2025,141
149,LAD,Total,3,36,105,0.745,2025,141
150,LAD,Total,4,37,104,0.738,2025,141
151,LAD,Total,5,38,103,0.73,2025,141
152,LAD,Total,6,50,91,0.645,2025,141
153,LAD,Total,7,43,98,0.695,2025,141
154,LAD,Total,8,35,106,0.752,2025,141
155,LAD,Total,9,30,75,0.714,2025,105
312,MIA,Home,1,19,50,0.725,2025,69
313,MIA,Home,2,19,50,0.725,2025,69
314,MIA,Home,3,15,54,0.783,2025,69
315,MIA,Home,4,13,56,0.812,2025,69
316,MIA,Home,5,21,48,0.696,2025,69
317,MIA,Home,6,19,50,0.725,2025,69
318,MIA,Home,7,19,50,0.725,2025,69
319,MIA,Home,8,14,55,0.797,2025,69
320,MIA,Home,9,9,37,0.804,2025,46
324,MIA,Road,1,19,53,0.736,2025,72
325,MIA,Road,2,13,59,0.819,2025,72
326,MIA,Road,3,20,52,0.722,2025,72
327,MIA,Road,4,18,54,0.75,2025,72
328,MIA,Road,5,24,48,0.667,2025,72
329,MIA,Road,6,15,57,0.792,2025,72
330,MIA,Road,7,22,50,0.694,2025,72
331,MIA,Road,8,22,50,0.694,2025,72
332,MIA,Road,9,14,58,0.806,2025,72
160,MIA,Total,1,38,103,0.73,2025,141
161,MIA,Total,2,32,109,0.773,2025,141
162,MIA,Total,3,35,106,0.752,2025,141
163,MIA,Total,4,31,110,0.78,2025,141
164,MIA,Total,5,45,96,0.681,2025,141
165,MIA,Total,6,34,107,0.759,2025,141
166,MIA,Total,7,41,100,0.709,2025,141
167,MIA,Total,8,36,105,0.745,2025,141
168,MIA,Total,9,23,95,0.805,2025,118
335,MIL,Home,1,13,59,0.819,2025,72
336,MIL,Home,2,18,54,0.75,2025,72
337,MIL,Home,3,25,47,0.653,2025,72
338,MIL,Home,4,29,43,0.597,2025,72
339,MIL,Home,5,23,49,0.681,2025,72
340,MIL,Home,6,16,56,0.778,2025,72
341,MIL,Home,7,15,57,0.792,2025,72
342,MIL,Home,8,18,54,0.75,2025,72
343,MIL,Home,9,7,29,0.806,2025,36
346,MIL,Road,1,21,49,0.7,2025,70
347,MIL,Road,2,22,48,0.686,2025,70
348,MIL,Road,3,18,52,0.743,2025,70
349,MIL,Road,4,23,47,0.671,2025,70
350,MIL,Road,5,18,52,0.743,2025,70
351,MIL,Road,6,26,44,0.629,2025,70
352,MIL,Road,7,16,54,0.771,2025,70
353,MIL,Road,8,22,48,0.686,2025,70
354,MIL,Road,9,20,50,0.714,2025,70
172,MIL,Total,1,34,108,0.761,2025,142
173,MIL,Total,2,40,102,0.718,2025,142
174,MIL,Total,3,43,99,0.697,2025,142
175,MIL,Total,4,52,90,0.634,2025,142
176,MIL,Total,5,41,101,0.711,2025,142
177,MIL,Total,6,42,100,0.704,2025,142
178,MIL,Total,7,31,111,0.782,2025,142
179,MIL,Total,8,40,102,0.718,2025,142
180,MIL,Total,9,27,79,0.745,2025,106
357,MIN,Home,1,19,52,0.732,2025,71
358,MIN,Home,2,19,52,0.732,2025,71
359,MIN,Home,3,20,51,0.718,2025,71
360,MIN,Home,4,22,49,0.69,2025,71
361,MIN,Home,5,23,48,0.676,2025,71
362,MIN,Home,6,26,45,0.634,2025,71
363,MIN,Home,7,15,56,0.789,2025,71
364,MIN,Home,8,10,60,0.857,2025,70
365,MIN,Home,9,6,38,0.864,2025,44
368,MIN,Road,1,20,50,0.714,2025,70
369,MIN,Road,2,16,54,0.771,2025,70
370,MIN,Road,3,11,59,0.843,2025,70
371,MIN,Road,4,26,44,0.629,2025,70
372,MIN,Road,5,17,53,0.757,2025,70
373,MIN,Road,6,23,47,0.671,2025,70
374,MIN,Road,7,19,50,0.725,2025,69
375,MIN,Road,8,15,54,0.783,2025,69
376,MIN,Road,9,20,49,0.71,2025,69
183,MIN,Total,1,39,102,0.723,2025,141
184,MIN,Total,2,35,106,0.752,2025,141
185,MIN,Total,3,31,110,0.78,2025,141
186,MIN,Total,4,48,93,0.66,2025,141
187,MIN,Total,5,40,101,0.716,2025,141
188,MIN,Total,6,49,92,0.652,2025,141
189,MIN,Total,7,34,106,0.757,2025,140
190,MIN,Total,8,25,114,0.82,2025,139
191,MIN,Total,9,26,87,0.77,2025,113
379,NYM,Home,1,26,46,0.639,2025,72
380,NYM,Home,2,21,51,0.708,2025,72
381,NYM,Home,3,26,46,0.639,2025,72
382,NYM,Home,4,21,51,0.708,2025,72
383,NYM,Home,5,20,52,0.722,2025,72
384,NYM,Home,6,17,55,0.764,2025,72
385,NYM,Home,7,19,53,0.736,2025,72
386,NYM,Home,8,26,46,0.639,2025,72
387,NYM,Home,9,7,27,0.794,2025,34
392,NYM,Road,1,17,52,0.754,2025,69
393,NYM,Road,2,19,50,0.725,2025,69
394,NYM,Road,3,23,46,0.667,2025,69
395,NYM,Road,4,16,53,0.768,2025,69
396,NYM,Road,5,20,49,0.71,2025,69
397,NYM,Road,6,18,51,0.739,2025,69
398,NYM,Road,7,17,52,0.754,2025,69
399,NYM,Road,8,17,52,0.754,2025,69
400,NYM,Road,9,20,49,0.71,2025,69
194,NYM,Total,1,43,98,0.695,2025,141
195,NYM,Total,2,40,101,0.716,2025,141
196,NYM,Total,3,49,92,0.652,2025,141
197,NYM,Total,4,37,104,0.738,2025,141
198,NYM,Total,5,40,101,0.716,2025,141
199,NYM,Total,6,35,106,0.752,2025,141
200,NYM,Total,7,36,105,0.745,2025,141
201,NYM,Total,8,43,98,0.695,2025,141
202,NYM,Total,9,27,76,0.738,2025,103
403,NYY,Home,1,23,47,0.671,2025,70
404,NYY,Home,2,23,47,0.671,2025,70
405,NYY,Home,3,23,47,0.671,2025,70
406,NYY,Home,4,19,51,0.729,2025,70
407,NYY,Home,5,19,51,0.729,2025,70
408,NYY,Home,6,19,50,0.725,2025,69
409,NYY,Home,7,19,50,0.725,2025,69
410,NYY,Home,8,20,49,0.71,2025,69
411,NYY,Home,9,6,26,0.812,2025,32
414,NYY,Road,1,29,42,0.592,2025,71
415,NYY,Road,2,19,52,0.732,2025,71
416,NYY,Road,3,16,55,0.775,2025,71
417,NYY,Road,4,23,48,0.676,2025,71
418,NYY,Road,5,24,47,0.662,2025,71
419,NYY,Road,6,19,52,0.732,2025,71
420,NYY,Road,7,28,43,0.606,2025,71
421,NYY,Road,8,21,50,0.704,2025,71
422,NYY,Road,9,21,50,0.704,2025,71
207,NYY,Total,1,52,89,0.631,2025,141
208,NYY,Total,2,42,99,0.702,2025,141
209,NYY,Total,3,39,102,0.723,2025,141
210,NYY,Total,4,42,99,0.702,2025,141
211,NYY,Total,5,43,98,0.695,2025,141
212,NYY,Total,6,38,102,0.729,2025,140
213,NYY,Total,7,47,93,0.664,2025,140
214,NYY,Total,8,41,99,0.707,2025,140
215,NYY,Total,9,27,76,0.738,2025,103
425,OAK,Home,1,24,45,0.652,2025,69
426,OAK,Home,2,19,50,0.725,2025,69
427,OAK,Home,3,27,42,0.609,2025,69
428,OAK,Home,4,15,54,0.783,2025,69
429,OAK,Home,5,21,48,0.696,2025,69
430,OAK,Home,6,13,56,0.812,2025,69
431,OAK,Home,7,20,49,0.71,2025,69
432,OAK,Home,8,17,52,0.754,2025,69
433,OAK,Home,9,11,36,0.766,2025,47
436,OAK,Road,1,21,52,0.712,2025,73
437,OAK,Road,2,17,56,0.767,2025,73
438,OAK,Road,3,17,56,0.767,2025,73
439,OAK,Road,4,26,47,0.644,2025,73
440,OAK,Road,5,19,54,0.74,2025,73
441,OAK,Road,6,26,47,0.644,2025,73
442,OAK,Road,7,14,59,0.808,2025,73
443,OAK,Road,8,19,54,0.74,2025,73
444,OAK,Road,9,24,49,0.671,2025,73
218,OAK,Total,1,45,97,0.683,2025,142
219,OAK,Total,2,36,106,0.746,2025,142
220,OAK,Total,3,44,98,0.69,2025,142
221,OAK,Total,4,41,101,0.711,2025,142
222,OAK,Total,5,40,102,0.718,2025,142
223,OAK,Total,6,39,103,0.725,2025,142
224,OAK,Total,7,34,108,0.761,2025,142
225,OAK,Total,8,36,106,0.746,2025,142
226,OAK,Total,9,35,85,0.708,2025,120
447,PHI,Home,1,26,42,0.618,2025,68
448,PHI,Home,2,17,51,0.75,2025,68
449,PHI,Home,3,17,51,0.75,2025,68
450,PHI,Home,4,29,39,0.574,2025,68
451,PHI,Home,5,21,47,0.691,2025,68
452,PHI,Home,6,16,52,0.765,2025,68
453,PHI,Home,7,25,43,0.632,2025,68
454,PHI,Home,8,29,39,0.574,2025,68
455,PHI,Home,9,5,22,0.815,2025,27
458,PHI,Road,1,19,54,0.74,2025,73
459,PHI,Road,2,14,59,0.808,2025,73
460,PHI,Road,3,15,58,0.795,2025,73
461,PHI,Road,4,19,54,0.74,2025,73
462,PHI,Road,5,17,56,0.767,2025,73
463,PHI,Road,6,14,59,0.808,2025,73
464,PHI,Road,7,19,54,0.74,2025,73
465,PHI,Road,8,18,55,0.753,2025,73
466,PHI,Road,9,18,55,0.753,2025,73
229,PHI,Total,1,45,96,0.681,2025,141
230,PHI,Total,2,31,110,0.78,2025,141
231,PHI,Total,3,32,109,0.773,2025,141
232,PHI,Total,4,48,93,0.66,2025,141
233,PHI,Total,5,38,103,0.73,2025,141
234,PHI,Total,6,30,111,0.787,2025,141
235,PHI,Total,7,44,97,0.688,2025,141
236,PHI,Total,8,47,94,0.667,2025,141
237,PHI,Total,9,23,77,0.77,2025,100
469,PIT,Home,1,21,52,0.712,2025,73
470,PIT,Home,2,21,52,0.712,2025,73
471,PIT,Home,3,22,51,0.699,2025,73
472,PIT,Home,4,17,56,0.767,2025,73
473,PIT,Home,5,17,56,0.767,2025,73
474,PIT,Home,6,15,58,0.795,2025,73
475,PIT,Home,7,20,53,0.726,2025,73
476,PIT,Home,8,18,55,0.753,2025,73
477,PIT,Home,9,7,30,0.811,2025,37
482,PIT,Road,1,17,52,0.754,2025,69
483,PIT,Road,2,12,57,0.826,2025,69
484,PIT,Road,3,10,59,0.855,2025,69
485,PIT,Road,4,13,56,0.812,2025,69
486,PIT,Road,5,22,47,0.681,2025,69
487,PIT,Road,6,19,50,0.725,2025,69
488,PIT,Road,7,13,56,0.812,2025,69
489,PIT,Road,8,11,58,0.841,2025,69
490,PIT,Road,9,12,57,0.826,2025,69
240,PIT,Total,1,38,104,0.732,2025,142
241,PIT,Total,2,33,109,0.768,2025,142
242,PIT,Total,3,32,110,0.775,2025,142
243,PIT,Total,4,30,112,0.789,2025,142
244,PIT,Total,5,39,103,0.725,2025,142
245,PIT,Total,6,34,108,0.761,2025,142
246,PIT,Total,7,33,109,0.768,2025,142
247,PIT,Total,8,29,113,0.796,2025,142
248,PIT,Total,9,19,87,0.821,2025,106
494,SD,Home,1,16,52,0.765,2025,68
495,SD,Home,2,17,51,0.75,2025,68
496,SD,Home,3,23,45,0.662,2025,68
497,SD,Home,4,18,50,0.735,2025,68
498,SD,Home,5,20,48,0.706,2025,68
499,SD,Home,6,20,48,0.706,2025,68
500,SD,Home,7,29,39,0.574,2025,68
501,SD,Home,8,16,52,0.765,2025,68
502,SD,Home,9,4,27,0.871,2025,31
505,SD,Road,1,19,54,0.74,2025,73
506,SD,Road,2,21,52,0.712,2025,73
507,SD,Road,3,19,54,0.74,2025,73
508,SD,Road,4,17,56,0.767,2025,73
509,SD,Road,5,15,58,0.795,2025,73
510,SD,Road,6,12,61,0.836,2025,73
511,SD,Road,7,23,50,0.685,2025,73
512,SD,Road,8,16,57,0.781,2025,73
513,SD,Road,9,18,55,0.753,2025,73
253,SD,Total,1,35,106,0.752,2025,141
254,SD,Total,2,38,103,0.73,2025,141
255,SD,Total,3,42,99,0.702,2025,141
256,SD,Total,4,35,106,0.752,2025,141
257,SD,Total,5,35,106,0.752,2025,141
258,SD,Total,6,32,109,0.773,2025,141
259,SD,Total,7,52,89,0.631,2025,141
260,SD,Total,8,32,109,0.773,2025,141
261,SD,Total,9,22,82,0.788,2025,104
516,SEA,Home,1,14,54,0.794,2025,68
517,SEA,Home,2,24,44,0.647,2025,68
518,SEA,Home,3,15,53,0.779,2025,68
519,SEA,Home,4,20,48,0.706,2025,68
520,SEA,Home,5,14,54,0.794,2025,68
521,SEA,Home,6,18,50,0.735,2025,68
522,SEA,Home,7,20,48,0.706,2025,68
523,SEA,Home,8,13,55,0.809,2025,68
524,SEA,Home,9,4,31,0.886,2025,35
528,SEA,Road,1,26,47,0.644,2025,73
529,SEA,Road,2,16,57,0.781,2025,73
530,SEA,Road,3,18,55,0.753,2025,73
531,SEA,Road,4,20,53,0.726,2025,73
532,SEA,Road,5,19,54,0.74,2025,73
533,SEA,Road,6,24,49,0.671,2025,73
534,SEA,Road,7,23,50,0.685,2025,73
535,SEA,Road,8,15,58,0.795,2025,73
536,SEA,Road,9,24,49,0.671,2025,73
264,SEA,Total,1,40,101,0.716,2025,141
265,SEA,Total,2,40,101,0.716,2025,141
266,SEA,Total,3,33,108,0.766,2025,141
267,SEA,Total,4,40,101,0.716,2025,141
268,SEA,Total,5,33,108,0.766,2025,141
269,SEA,Total,6,42,99,0.702,2025,141
270,SEA,Total,7,43,98,0.695,2025,141
271,SEA,Total,8,28,113,0.801,2025,141
272,SEA,Total,9,28,80,0.741,2025,108
540,SF,Home,1,21,48,0.696,2025,69
541,SF,Home,2,14,55,0.797,2025,69
542,SF,Home,3,16,53,0.768,2025,69
543,SF,Home,4,20,49,0.71,2025,69
544,SF,Home,5,19,50,0.725,2025,69
545,SF,Home,6,18,51,0.739,2025,69
546,SF,Home,7,11,58,0.841,2025,69
547,SF,Home,8,16,53,0.768,2025,69
548,SF,Home,9,5,39,0.886,2025,44
551,SF,Road,1,24,48,0.667,2025,72
552,SF,Road,2,19,53,0.736,2025,72
553,SF,Road,3,17,55,0.764,2025,72
554,SF,Road,4,18,54,0.75,2025,72
555,SF,Road,5,23,49,0.681,2025,72
556,SF,Road,6,20,52,0.722,2025,72
557,SF,Road,7,17,54,0.761,2025,71
558,SF,Road,8,16,55,0.775,2025,71
559,SF,Road,9,16,55,0.775,2025,71
276,SF,Total,1,45,96,0.681,2025,141
277,SF,Total,2,33,108,0.766,2025,141
278,SF,Total,3,33,108,0.766,2025,141
279,SF,Total,4,38,103,0.73,2025,141
280,SF,Total,5,42,99,0.702,2025,141
281,SF,Total,6,38,103,0.73,2025,141
282,SF,Total,7,28,112,0.8,2025,140
283,SF,Total,8,32,108,0.771,2025,140
284,SF,Total,9,21,94,0.817,2025,115
562,STL,Home,1,15,58,0.795,2025,73
563,STL,Home,2,21,52,0.712,2025,73
564,STL,Home,3,20,53,0.726,2025,73
565,STL,Home,4,18,55,0.753,2025,73
566,STL,Home,5,17,56,0.767,2025,73
567,STL,Home,6,28,45,0.616,2025,73
568,STL,Home,7,19,54,0.74,2025,73
569,STL,Home,8,17,56,0.767,2025,73
570,STL,Home,9,4,35,0.897,2025,39
573,STL,Road,1,18,51,0.739,2025,69
574,STL,Road,2,15,54,0.783,2025,69
575,STL,Road,3,15,54,0.783,2025,69
576,STL,Road,4,21,48,0.696,2025,69
577,STL,Road,5,16,53,0.768,2025,69
578,STL,Road,6,19,50,0.725,2025,69
579,STL,Road,7,20,49,0.71,2025,69
580,STL,Road,8,22,47,0.681,2025,69
581,STL,Road,9,25,44,0.638,2025,69
287,STL,Total,1,33,109,0.768,2025,142
288,STL,Total,2,36,106,0.746,2025,142
289,STL,Total,3,35,107,0.754,2025,142
290,STL,Total,4,39,103,0.725,2025,142
291,STL,Total,5,33,109,0.768,2025,142
292,STL,Total,6,47,95,0.669,2025,142
293,STL,Total,7,39,103,0.725,2025,142
294,STL,Total,8,39,103,0.725,2025,142
295,STL,Total,9,29,79,0.731,2025,108
586,TB,Home,1,25,47,0.653,2025,72
587,TB,Home,2,16,56,0.778,2025,72
588,TB,Home,3,22,50,0.694,2025,72
589,TB,Home,4,28,44,0.611,2025,72
590,TB,Home,5,13,59,0.819,2025,72
591,TB,Home,6,20,52,0.722,2025,72
592,TB,Home,7,18,54,0.75,2025,72
593,TB,Home,8,21,51,0.708,2025,72
594,TB,Home,9,8,31,0.795,2025,39
596,TB,Road,1,16,53,0.768,2025,69
597,TB,Road,2,17,52,0.754,2025,69
598,TB,Road,3,24,45,0.652,2025,69
599,TB,Road,4,25,44,0.638,2025,69
600,TB,Road,5,18,51,0.739,2025,69
601,TB,Road,6,13,56,0.812,2025,69
602,TB,Road,7,16,53,0.768,2025,69
603,TB,Road,8,12,57,0.826,2025,69
604,TB,Road,9,15,54,0.783,2025,69
300,TB,Total,1,41,100,0.709,2025,141
301,TB,Total,2,33,108,0.766,2025,141
302,TB,Total,3,46,95,0.674,2025,141
303,TB,Total,4,53,88,0.624,2025,141
304,TB,Total,5,31,110,0.78,2025,141
305,TB,Total,6,33,108,0.766,2025,141
306,TB,Total,7,34,107,0.759,2025,141
307,TB,Total,8,33,108,0.766,2025,141
308,TB,Total,9,23,85,0.787,2025,108
607,TEX,Home,1,17,53,0.757,2025,70
608,TEX,Home,2,20,50,0.714,2025,70
609,TEX,Home,3,21,49,0.7,2025,70
610,TEX,Home,4,17,53,0.757,2025,70
611,TEX,Home,5,15,55,0.786,2025,70
612,TEX,Home,6,19,51,0.729,2025,70
613,TEX,Home,7,18,52,0.743,2025,70
614,TEX,Home,8,13,57,0.814,2025,70
615,TEX,Home,9,6,30,0.833,2025,36
619,TEX,Road,1,21,51,0.708,2025,72
620,TEX,Road,2,17,55,0.764,2025,72
621,TEX,Road,3,26,46,0.639,2025,72
622,TEX,Road,4,21,51,0.708,2025,72
623,TEX,Road,5,22,50,0.694,2025,72
624,TEX,Road,6,20,52,0.722,2025,72
625,TEX,Road,7,15,57,0.792,2025,72
626,TEX,Road,8,20,52,0.722,2025,72
627,TEX,Road,9,17,55,0.764,2025,72
311,TEX,Total,1,38,104,0.732,2025,142
312,TEX,Total,2,37,105,0.739,2025,142
313,TEX,Total,3,47,95,0.669,2025,142
314,TEX,Total,4,38,104,0.732,2025,142
315,TEX,Total,5,37,105,0.739,2025,142
316,TEX,Total,6,39,103,0.725,2025,142
317,TEX,Total,7,33,109,0.768,2025,142
318,TEX,Total,8,33,109,0.768,2025,142
319,TEX,Total,9,23,85,0.787,2025,108
630,TOR,Home,1,21,48,0.696,2025,69
631,TOR,Home,2,18,51,0.739,2025,69
632,TOR,Home,3,24,45,0.652,2025,69
633,TOR,Home,4,17,52,0.754,2025,69
634,TOR,Home,5,23,46,0.667,2025,69
635,TOR,Home,6,25,44,0.638,2025,69
636,TOR,Home,7,22,47,0.681,2025,69
637,TOR,Home,8,23,46,0.667,2025,69
638,TOR,Home,9,6,25,0.806,2025,31
642,TOR,Road,1,19,53,0.736,2025,72
643,TOR,Road,2,17,55,0.764,2025,72
644,TOR,Road,3,22,50,0.694,2025,72
645,TOR,Road,4,18,54,0.75,2025,72
646,TOR,Road,5,21,51,0.708,2025,72
647,TOR,Road,6,21,51,0.708,2025,72
648,TOR,Road,7,20,52,0.722,2025,72
649,TOR,Road,8,19,52,0.732,2025,71
650,TOR,Road,9,18,53,0.746,2025,71
323,TOR,Total,1,40,101,0.716,2025,141
324,TOR,Total,2,35,106,0.752,2025,141
325,TOR,Total,3,46,95,0.674,2025,141
326,TOR,Total,4,35,106,0.752,2025,141
327,TOR,Total,5,44,97,0.688,2025,141
328,TOR,Total,6,46,95,0.674,2025,141
329,TOR,Total,7,42,99,0.702,2025,141
330,TOR,Total,8,42,98,0.7,2025,140
331,TOR,Total,9,24,78,0.765,2025,102
654,WSH,Home,1,21,50,0.704,2025,71
655,WSH,Home,2,18,53,0.746,2025,71
656,WSH,Home,3,17,54,0.761,2025,71
657,WSH,Home,4,19,52,0.732,2025,71
658,WSH,Home,5,13,58,0.817,2025,71
659,WSH,Home,6,18,53,0.746,2025,71
660,WSH,Home,7,14,57,0.803,2025,71
661,WSH,Home,8,15,56,0.789,2025,71
662,WSH,Home,9,13,34,0.723,2025,47
665,WSH,Road,1,17,52,0.754,2025,69
666,WSH,Road,2,14,55,0.797,2025,69
667,WSH,Road,3,11,58,0.841,2025,69
668,WSH,Road,4,21,48,0.696,2025,69
669,WSH,Road,5,16,53,0.768,2025,69
670,WSH,Road,6,23,46,0.667,2025,69
671,WSH,Road,7,21,48,0.696,2025,69
672,WSH,Road,8,18,51,0.739,2025,69
673,WSH,Road,9,22,47,0.681,2025,69
335,WSH,Total,1,38,102,0.729,2025,140
336,WSH,Total,2,32,108,0.771,2025,140
337,WSH,Total,3,28,112,0.8,2025,140
338,WSH,Total,4,40,100,0.714,2025,140
339,WSH,Total,5,29,111,0.793,2025,140
340,WSH,Total,6,41,99,0.707,2025,140
341,WSH,Total,7,35,105,0.75,2025,140
342,WSH,Total,8,33,107,0.764,2025,140
343,WSH,Total,9,35,81,0.698,2025,116
