,BatterTeam,Split,inning,YRA,NRA,NRA%,Year,Apps
0,ARI,Home,1,38,43,0.531,2025,81
1,ARI,Home,2,24,57,0.704,2025,81
2,ARI,Home,3,26,55,0.679,2025,81
3,ARI,Home,4,26,55,0.679,2025,81
4,ARI,Home,5,30,51,0.63,2025,81
5,ARI,Home,6,20,61,0.753,2025,81
6,ARI,Home,7,20,61,0.753,2025,81
7,ARI,Home,8,25,56,0.691,2025,81
8,ARI,Home,9,13,33,0.717,2025,46
11,ARI,Road,1,20,58,0.744,2025,78
12,ARI,Road,2,26,52,0.667,2025,78
13,ARI,Road,3,24,54,0.692,2025,78
14,ARI,Road,4,25,53,0.679,2025,78
15,ARI,Road,5,23,55,0.705,2025,78
16,ARI,Road,6,18,60,0.769,2025,78
17,ARI,Road,7,22,56,0.718,2025,78
18,ARI,Road,8,20,58,0.744,2025,78
19,ARI,Road,9,22,56,0.718,2025,78
0,ARI,Total,1,58,101,0.635,2025,159
1,ARI,Total,2,50,109,0.686,2025,159
2,ARI,Total,3,50,109,0.686,2025,159
3,ARI,Total,4,51,108,0.679,2025,159
4,ARI,Total,5,53,106,0.667,2025,159
5,ARI,Total,6,38,121,0.761,2025,159
6,ARI,Total,7,42,117,0.736,2025,159
7,ARI,Total,8,45,114,0.717,2025,159
8,ARI,Total,9,35,89,0.718,2025,124
22,ATL,Home,1,24,54,0.692,2025,78
23,ATL,Home,2,12,66,0.846,2025,78
24,ATL,Home,3,20,58,0.744,2025,78
25,ATL,Home,4,22,56,0.718,2025,78
26,ATL,Home,5,21,57,0.731,2025,78
27,ATL,Home,6,28,50,0.641,2025,78
28,ATL,Home,7,19,59,0.756,2025,78
29,ATL,Home,8,19,59,0.756,2025,78
30,ATL,Home,9,11,34,0.756,2025,45
33,ATL,Road,1,21,60,0.741,2025,81
34,ATL,Road,2,20,61,0.753,2025,81
35,ATL,Road,3,17,64,0.79,2025,81
36,ATL,Road,4,27,54,0.667,2025,81
37,ATL,Road,5,18,63,0.778,2025,81
38,ATL,Road,6,22,59,0.728,2025,81
39,ATL,Road,7,19,62,0.765,2025,81
40,ATL,Road,8,24,57,0.704,2025,81
41,ATL,Road,9,25,56,0.691,2025,81
11,ATL,Total,1,45,114,0.717,2025,159
12,ATL,Total,2,32,127,0.799,2025,159
13,ATL,Total,3,37,122,0.767,2025,159
14,ATL,Total,4,49,110,0.692,2025,159
15,ATL,Total,5,39,120,0.755,2025,159
16,ATL,Total,6,50,109,0.686,2025,159
17,ATL,Total,7,38,121,0.761,2025,159
18,ATL,Total,8,43,116,0.73,2025,159
19,ATL,Total,9,36,90,0.714,2025,126
44,BAL,Home,1,21,60,0.741,2025,81
45,BAL,Home,2,23,58,0.716,2025,81
46,BAL,Home,3,25,56,0.691,2025,81
47,BAL,Home,4,12,69,0.852,2025,81
48,BAL,Home,5,22,59,0.728,2025,81
49,BAL,Home,6,24,57,0.704,2025,81
50,BAL,Home,7,27,54,0.667,2025,81
51,BAL,Home,8,23,58,0.716,2025,81
52,BAL,Home,9,6,42,0.875,2025,48
55,BAL,Road,1,21,57,0.731,2025,78
56,BAL,Road,2,12,66,0.846,2025,78
57,BAL,Road,3,25,53,0.679,2025,78
58,BAL,Road,4,20,58,0.744,2025,78
59,BAL,Road,5,21,57,0.731,2025,78
60,BAL,Road,6,16,62,0.795,2025,78
61,BAL,Road,7,22,56,0.718,2025,78
62,BAL,Road,8,16,62,0.795,2025,78
63,BAL,Road,9,13,65,0.833,2025,78
22,BAL,Total,1,42,117,0.736,2025,159
23,BAL,Total,2,35,124,0.78,2025,159
24,BAL,Total,3,50,109,0.686,2025,159
25,BAL,Total,4,32,127,0.799,2025,159
26,BAL,Total,5,43,116,0.73,2025,159
27,BAL,Total,6,40,119,0.748,2025,159
28,BAL,Total,7,49,110,0.692,2025,159
29,BAL,Total,8,39,120,0.755,2025,159
30,BAL,Total,9,19,107,0.849,2025,126
67,BOS,Home,1,27,51,0.654,2025,78
68,BOS,Home,2,19,59,0.756,2025,78
69,BOS,Home,3,24,54,0.692,2025,78
70,BOS,Home,4,19,59,0.756,2025,78
71,BOS,Home,5,26,52,0.667,2025,78
72,BOS,Home,6,26,52,0.667,2025,78
73,BOS,Home,7,25,53,0.679,2025,78
74,BOS,Home,8,22,56,0.718,2025,78
75,BOS,Home,9,7,36,0.837,2025,43
78,BOS,Road,1,23,58,0.716,2025,81
79,BOS,Road,2,24,57,0.704,2025,81
80,BOS,Road,3,25,56,0.691,2025,81
81,BOS,Road,4,21,60,0.741,2025,81
82,BOS,Road,5,23,58,0.716,2025,81
83,BOS,Road,6,22,59,0.728,2025,81
84,BOS,Road,7,20,61,0.753,2025,81
85,BOS,Road,8,18,63,0.778,2025,81
86,BOS,Road,9,26,55,0.679,2025,81
34,BOS,Total,1,50,109,0.686,2025,159
35,BOS,Total,2,43,116,0.73,2025,159
36,BOS,Total,3,49,110,0.692,2025,159
37,BOS,Total,4,40,119,0.748,2025,159
38,BOS,Total,5,49,110,0.692,2025,159
39,BOS,Total,6,48,111,0.698,2025,159
40,BOS,Total,7,45,114,0.717,2025,159
41,BOS,Total,8,40,119,0.748,2025,159
42,BOS,Total,9,33,91,0.734,2025,124
90,CHC,Home,1,22,56,0.718,2025,78
91,CHC,Home,2,33,45,0.577,2025,78
92,CHC,Home,3,22,56,0.718,2025,78
93,CHC,Home,4,23,55,0.705,2025,78
94,CHC,Home,5,27,51,0.654,2025,78
95,CHC,Home,6,21,57,0.731,2025,78
96,CHC,Home,7,18,60,0.769,2025,78
97,CHC,Home,8,22,56,0.718,2025,78
98,CHC,Home,9,4,34,0.895,2025,38
101,CHC,Road,1,25,56,0.691,2025,81
102,CHC,Road,2,20,61,0.753,2025,81
103,CHC,Road,3,22,59,0.728,2025,81
104,CHC,Road,4,28,53,0.654,2025,81
105,CHC,Road,5,23,58,0.716,2025,81
106,CHC,Road,6,25,56,0.691,2025,81
107,CHC,Road,7,26,55,0.679,2025,81
108,CHC,Road,8,26,55,0.679,2025,81
109,CHC,Road,9,16,65,0.802,2025,81
46,CHC,Total,1,47,112,0.704,2025,159
47,CHC,Total,2,53,106,0.667,2025,159
48,CHC,Total,3,44,115,0.723,2025,159
49,CHC,Total,4,51,108,0.679,2025,159
50,CHC,Total,5,50,109,0.686,2025,159
51,CHC,Total,6,46,113,0.711,2025,159
52,CHC,Total,7,44,115,0.723,2025,159
53,CHC,Total,8,48,111,0.698,2025,159
54,CHC,Total,9,20,99,0.832,2025,119
112,CIN,Home,1,30,51,0.63,2025,81
113,CIN,Home,2,21,60,0.741,2025,81
114,CIN,Home,3,23,58,0.716,2025,81
115,CIN,Home,4,23,58,0.716,2025,81
116,CIN,Home,5,19,62,0.765,2025,81
117,CIN,Home,6,24,57,0.704,2025,81
118,CIN,Home,7,25,55,0.688,2025,80
119,CIN,Home,8,16,64,0.8,2025,80
120,CIN,Home,9,10,32,0.762,2025,42
123,CIN,Road,1,17,61,0.782,2025,78
124,CIN,Road,2,15,63,0.808,2025,78
125,CIN,Road,3,22,56,0.718,2025,78
126,CIN,Road,4,23,55,0.705,2025,78
127,CIN,Road,5,23,55,0.705,2025,78
128,CIN,Road,6,22,56,0.718,2025,78
129,CIN,Road,7,14,64,0.821,2025,78
130,CIN,Road,8,27,51,0.654,2025,78
131,CIN,Road,9,22,56,0.718,2025,78
57,CIN,Total,1,47,112,0.704,2025,159
58,CIN,Total,2,36,123,0.774,2025,159
59,CIN,Total,3,45,114,0.717,2025,159
60,CIN,Total,4,46,113,0.711,2025,159
61,CIN,Total,5,42,117,0.736,2025,159
62,CIN,Total,6,46,113,0.711,2025,159
63,CIN,Total,7,39,119,0.753,2025,158
64,CIN,Total,8,43,115,0.728,2025,158
65,CIN,Total,9,32,88,0.733,2025,120
134,CLE,Home,1,24,54,0.692,2025,78
135,CLE,Home,2,12,66,0.846,2025,78
136,CLE,Home,3,19,59,0.756,2025,78
137,CLE,Home,4,30,48,0.615,2025,78
138,CLE,Home,5,16,62,0.795,2025,78
139,CLE,Home,6,20,58,0.744,2025,78
140,CLE,Home,7,21,57,0.731,2025,78
141,CLE,Home,8,17,61,0.782,2025,78
142,CLE,Home,9,8,34,0.81,2025,42
144,CLE,Road,1,20,61,0.753,2025,81
145,CLE,Road,2,19,62,0.765,2025,81
146,CLE,Road,3,21,60,0.741,2025,81
147,CLE,Road,4,23,58,0.716,2025,81
148,CLE,Road,5,17,64,0.79,2025,81
149,CLE,Road,6,24,57,0.704,2025,81
150,CLE,Road,7,17,64,0.79,2025,81
151,CLE,Road,8,19,62,0.765,2025,81
152,CLE,Road,9,17,64,0.79,2025,81
68,CLE,Total,1,44,115,0.723,2025,159
69,CLE,Total,2,31,128,0.805,2025,159
70,CLE,Total,3,40,119,0.748,2025,159
71,CLE,Total,4,53,106,0.667,2025,159
72,CLE,Total,5,33,126,0.792,2025,159
73,CLE,Total,6,44,115,0.723,2025,159
74,CLE,Total,7,38,121,0.761,2025,159
75,CLE,Total,8,36,123,0.774,2025,159
76,CLE,Total,9,25,98,0.797,2025,123
155,COL,Home,1,23,58,0.716,2025,81
156,COL,Home,2,26,55,0.679,2025,81
157,COL,Home,3,29,52,0.642,2025,81
158,COL,Home,4,27,54,0.667,2025,81
159,COL,Home,5,24,57,0.704,2025,81
160,COL,Home,6,20,61,0.753,2025,81
161,COL,Home,7,19,62,0.765,2025,81
162,COL,Home,8,25,56,0.691,2025,81
163,COL,Home,9,19,41,0.683,2025,60
166,COL,Road,1,10,68,0.872,2025,78
167,COL,Road,2,11,67,0.859,2025,78
168,COL,Road,3,17,61,0.782,2025,78
169,COL,Road,4,15,63,0.808,2025,78
170,COL,Road,5,16,62,0.795,2025,78
171,COL,Road,6,20,58,0.744,2025,78
172,COL,Road,7,19,59,0.756,2025,78
173,COL,Road,8,15,63,0.808,2025,78
174,COL,Road,9,15,63,0.808,2025,78
79,COL,Total,1,33,126,0.792,2025,159
80,COL,Total,2,37,122,0.767,2025,159
81,COL,Total,3,46,113,0.711,2025,159
82,COL,Total,4,42,117,0.736,2025,159
83,COL,Total,5,40,119,0.748,2025,159
84,COL,Total,6,40,119,0.748,2025,159
85,COL,Total,7,38,121,0.761,2025,159
86,COL,Total,8,40,119,0.748,2025,159
87,COL,Total,9,34,104,0.754,2025,138
177,CWS,Home,1,26,55,0.679,2025,81
178,CWS,Home,2,22,59,0.728,2025,81
179,CWS,Home,3,14,67,0.827,2025,81
180,CWS,Home,4,21,60,0.741,2025,81
181,CWS,Home,5,17,64,0.79,2025,81
182,CWS,Home,6,21,60,0.741,2025,81
183,CWS,Home,7,18,61,0.772,2025,79
184,CWS,Home,8,23,56,0.709,2025,79
185,CWS,Home,9,6,44,0.88,2025,50
188,CWS,Road,1,23,55,0.705,2025,78
189,CWS,Road,2,19,59,0.756,2025,78
190,CWS,Road,3,16,62,0.795,2025,78
191,CWS,Road,4,22,56,0.718,2025,78
192,CWS,Road,5,19,59,0.756,2025,78
193,CWS,Road,6,21,57,0.731,2025,78
194,CWS,Road,7,19,59,0.756,2025,78
195,CWS,Road,8,16,61,0.792,2025,77
196,CWS,Road,9,16,61,0.792,2025,77
90,CWS,Total,1,49,110,0.692,2025,159
91,CWS,Total,2,41,118,0.742,2025,159
92,CWS,Total,3,30,129,0.811,2025,159
93,CWS,Total,4,43,116,0.73,2025,159
94,CWS,Total,5,36,123,0.774,2025,159
95,CWS,Total,6,42,117,0.736,2025,159
96,CWS,Total,7,37,120,0.764,2025,157
97,CWS,Total,8,39,117,0.75,2025,156
98,CWS,Total,9,22,105,0.827,2025,127
199,DET,Home,1,25,56,0.691,2025,81
200,DET,Home,2,24,57,0.704,2025,81
201,DET,Home,3,25,56,0.691,2025,81
202,DET,Home,4,31,50,0.617,2025,81
203,DET,Home,5,30,51,0.63,2025,81
204,DET,Home,6,21,60,0.741,2025,81
205,DET,Home,7,26,55,0.679,2025,81
206,DET,Home,8,16,65,0.802,2025,81
207,DET,Home,9,8,31,0.795,2025,39
210,DET,Road,1,17,61,0.782,2025,78
211,DET,Road,2,19,59,0.756,2025,78
212,DET,Road,3,25,53,0.679,2025,78
213,DET,Road,4,21,57,0.731,2025,78
214,DET,Road,5,14,64,0.821,2025,78
215,DET,Road,6,12,66,0.846,2025,78
216,DET,Road,7,22,56,0.718,2025,78
217,DET,Road,8,24,54,0.692,2025,78
218,DET,Road,9,17,61,0.782,2025,78
101,DET,Total,1,42,117,0.736,2025,159
102,DET,Total,2,43,116,0.73,2025,159
103,DET,Total,3,50,109,0.686,2025,159
104,DET,Total,4,52,107,0.673,2025,159
105,DET,Total,5,44,115,0.723,2025,159
106,DET,Total,6,33,126,0.792,2025,159
107,DET,Total,7,48,111,0.698,2025,159
108,DET,Total,8,40,119,0.748,2025,159
109,DET,Total,9,25,92,0.786,2025,117
221,HOU,Home,1,20,61,0.753,2025,81
222,HOU,Home,2,15,66,0.815,2025,81
223,HOU,Home,3,24,57,0.704,2025,81
224,HOU,Home,4,19,62,0.765,2025,81
225,HOU,Home,5,24,57,0.704,2025,81
226,HOU,Home,6,24,57,0.704,2025,81
227,HOU,Home,7,20,61,0.753,2025,81
228,HOU,Home,8,23,58,0.716,2025,81
229,HOU,Home,9,6,36,0.857,2025,42
233,HOU,Road,1,22,56,0.718,2025,78
234,HOU,Road,2,18,60,0.769,2025,78
235,HOU,Road,3,19,59,0.756,2025,78
236,HOU,Road,4,16,62,0.795,2025,78
237,HOU,Road,5,20,58,0.744,2025,78
238,HOU,Road,6,25,53,0.679,2025,78
239,HOU,Road,7,18,60,0.769,2025,78
240,HOU,Road,8,22,55,0.714,2025,77
241,HOU,Road,9,14,63,0.818,2025,77
112,HOU,Total,1,42,117,0.736,2025,159
113,HOU,Total,2,33,126,0.792,2025,159
114,HOU,Total,3,43,116,0.73,2025,159
115,HOU,Total,4,35,124,0.78,2025,159
116,HOU,Total,5,44,115,0.723,2025,159
117,HOU,Total,6,49,110,0.692,2025,159
118,HOU,Total,7,38,121,0.761,2025,159
119,HOU,Total,8,45,113,0.715,2025,158
120,HOU,Total,9,20,99,0.832,2025,119
245,KC,Home,1,26,55,0.679,2025,81
246,KC,Home,2,16,65,0.802,2025,81
247,KC,Home,3,19,62,0.765,2025,81
248,KC,Home,4,20,61,0.753,2025,81
249,KC,Home,5,18,63,0.778,2025,81
250,KC,Home,6,21,60,0.741,2025,81
251,KC,Home,7,19,62,0.765,2025,81
252,KC,Home,8,22,59,0.728,2025,81
253,KC,Home,9,10,35,0.778,2025,45
257,KC,Road,1,25,53,0.679,2025,78
258,KC,Road,2,14,64,0.821,2025,78
259,KC,Road,3,19,59,0.756,2025,78
260,KC,Road,4,20,58,0.744,2025,78
261,KC,Road,5,26,52,0.667,2025,78
262,KC,Road,6,13,65,0.833,2025,78
263,KC,Road,7,17,61,0.782,2025,78
264,KC,Road,8,23,55,0.705,2025,78
265,KC,Road,9,18,60,0.769,2025,78
124,KC,Total,1,51,108,0.679,2025,159
125,KC,Total,2,30,129,0.811,2025,159
126,KC,Total,3,38,121,0.761,2025,159
127,KC,Total,4,40,119,0.748,2025,159
128,KC,Total,5,44,115,0.723,2025,159
129,KC,Total,6,34,125,0.786,2025,159
130,KC,Total,7,36,123,0.774,2025,159
131,KC,Total,8,45,114,0.717,2025,159
132,KC,Total,9,28,95,0.772,2025,123
268,LAA,Home,1,25,53,0.679,2025,78
269,LAA,Home,2,17,61,0.782,2025,78
270,LAA,Home,3,17,61,0.782,2025,78
271,LAA,Home,4,23,55,0.705,2025,78
272,LAA,Home,5,22,56,0.718,2025,78
273,LAA,Home,6,20,58,0.744,2025,78
274,LAA,Home,7,19,59,0.756,2025,78
275,LAA,Home,8,20,58,0.744,2025,78
276,LAA,Home,9,10,39,0.796,2025,49
279,LAA,Road,1,28,53,0.654,2025,81
280,LAA,Road,2,21,60,0.741,2025,81
281,LAA,Road,3,18,63,0.778,2025,81
282,LAA,Road,4,19,62,0.765,2025,81
283,LAA,Road,5,27,54,0.667,2025,81
284,LAA,Road,6,18,63,0.778,2025,81
285,LAA,Road,7,21,60,0.741,2025,81
286,LAA,Road,8,18,63,0.778,2025,81
287,LAA,Road,9,18,63,0.778,2025,81
136,LAA,Total,1,53,106,0.667,2025,159
137,LAA,Total,2,38,121,0.761,2025,159
138,LAA,Total,3,35,124,0.78,2025,159
139,LAA,Total,4,42,117,0.736,2025,159
140,LAA,Total,5,49,110,0.692,2025,159
141,LAA,Total,6,38,121,0.761,2025,159
142,LAA,Total,7,40,119,0.748,2025,159
143,LAA,Total,8,38,121,0.761,2025,159
144,LAA,Total,9,28,102,0.785,2025,130
291,LAD,Home,1,29,52,0.642,2025,81
292,LAD,Home,2,28,53,0.654,2025,81
293,LAD,Home,3,22,59,0.728,2025,81
294,LAD,Home,4,24,57,0.704,2025,81
295,LAD,Home,5,24,57,0.704,2025,81
296,LAD,Home,6,31,50,0.617,2025,81
297,LAD,Home,7,24,57,0.704,2025,81
298,LAD,Home,8,25,56,0.691,2025,81
299,LAD,Home,9,10,28,0.737,2025,38
301,LAD,Road,1,24,54,0.692,2025,78
302,LAD,Road,2,22,56,0.718,2025,78
303,LAD,Road,3,20,58,0.744,2025,78
304,LAD,Road,4,20,58,0.744,2025,78
305,LAD,Road,5,21,57,0.731,2025,78
306,LAD,Road,6,26,52,0.667,2025,78
307,LAD,Road,7,25,53,0.679,2025,78
308,LAD,Road,8,16,62,0.795,2025,78
309,LAD,Road,9,24,54,0.692,2025,78
148,LAD,Total,1,53,106,0.667,2025,159
149,LAD,Total,2,50,109,0.686,2025,159
150,LAD,Total,3,42,117,0.736,2025,159
151,LAD,Total,4,44,115,0.723,2025,159
152,LAD,Total,5,45,114,0.717,2025,159
153,LAD,Total,6,57,102,0.642,2025,159
154,LAD,Total,7,49,110,0.692,2025,159
155,LAD,Total,8,41,118,0.742,2025,159
156,LAD,Total,9,34,82,0.707,2025,116
314,MIA,Home,1,23,55,0.705,2025,78
315,MIA,Home,2,23,55,0.705,2025,78
316,MIA,Home,3,15,63,0.808,2025,78
317,MIA,Home,4,15,63,0.808,2025,78
318,MIA,Home,5,22,56,0.718,2025,78
319,MIA,Home,6,22,56,0.718,2025,78
320,MIA,Home,7,21,57,0.731,2025,78
321,MIA,Home,8,18,60,0.769,2025,78
322,MIA,Home,9,11,40,0.784,2025,51
326,MIA,Road,1,19,62,0.765,2025,81
327,MIA,Road,2,16,65,0.802,2025,81
328,MIA,Road,3,23,58,0.716,2025,81
329,MIA,Road,4,21,60,0.741,2025,81
330,MIA,Road,5,25,56,0.691,2025,81
331,MIA,Road,6,18,63,0.778,2025,81
332,MIA,Road,7,26,55,0.679,2025,81
333,MIA,Road,8,25,56,0.691,2025,81
334,MIA,Road,9,17,64,0.79,2025,81
161,MIA,Total,1,42,117,0.736,2025,159
162,MIA,Total,2,39,120,0.755,2025,159
163,MIA,Total,3,38,121,0.761,2025,159
164,MIA,Total,4,36,123,0.774,2025,159
165,MIA,Total,5,47,112,0.704,2025,159
166,MIA,Total,6,40,119,0.748,2025,159
167,MIA,Total,7,47,112,0.704,2025,159
168,MIA,Total,8,43,116,0.73,2025,159
169,MIA,Total,9,28,104,0.788,2025,132
338,MIL,Home,1,14,64,0.821,2025,78
339,MIL,Home,2,20,58,0.744,2025,78
340,MIL,Home,3,28,50,0.641,2025,78
341,MIL,Home,4,33,45,0.577,2025,78
342,MIL,Home,5,24,54,0.692,2025,78
343,MIL,Home,6,19,59,0.756,2025,78
344,MIL,Home,7,18,60,0.769,2025,78
345,MIL,Home,8,22,56,0.718,2025,78
346,MIL,Home,9,8,30,0.789,2025,38
349,MIL,Road,1,23,58,0.716,2025,81
350,MIL,Road,2,25,56,0.691,2025,81
351,MIL,Road,3,20,61,0.753,2025,81
352,MIL,Road,4,24,57,0.704,2025,81
353,MIL,Road,5,21,60,0.741,2025,81
354,MIL,Road,6,28,53,0.654,2025,81
355,MIL,Road,7,18,63,0.778,2025,81
356,MIL,Road,8,23,58,0.716,2025,81
357,MIL,Road,9,22,59,0.728,2025,81
173,MIL,Total,1,37,122,0.767,2025,159
174,MIL,Total,2,45,114,0.717,2025,159
175,MIL,Total,3,48,111,0.698,2025,159
176,MIL,Total,4,57,102,0.642,2025,159
177,MIL,Total,5,45,114,0.717,2025,159
178,MIL,Total,6,47,112,0.704,2025,159
179,MIL,Total,7,36,123,0.774,2025,159
180,MIL,Total,8,45,114,0.717,2025,159
181,MIL,Total,9,30,89,0.748,2025,119
360,MIN,Home,1,20,61,0.753,2025,81
361,MIN,Home,2,21,60,0.741,2025,81
362,MIN,Home,3,23,58,0.716,2025,81
363,MIN,Home,4,23,58,0.716,2025,81
364,MIN,Home,5,27,54,0.667,2025,81
365,MIN,Home,6,31,50,0.617,2025,81
366,MIN,Home,7,18,63,0.778,2025,81
367,MIN,Home,8,11,69,0.862,2025,80
368,MIN,Home,9,8,44,0.846,2025,52
371,MIN,Road,1,23,55,0.705,2025,78
372,MIN,Road,2,17,61,0.782,2025,78
373,MIN,Road,3,15,63,0.808,2025,78
374,MIN,Road,4,27,51,0.654,2025,78
375,MIN,Road,5,18,60,0.769,2025,78
376,MIN,Road,6,27,51,0.654,2025,78
377,MIN,Road,7,20,57,0.74,2025,77
378,MIN,Road,8,18,59,0.766,2025,77
379,MIN,Road,9,22,55,0.714,2025,77
184,MIN,Total,1,43,116,0.73,2025,159
185,MIN,Total,2,38,121,0.761,2025,159
186,MIN,Total,3,38,121,0.761,2025,159
187,MIN,Total,4,50,109,0.686,2025,159
188,MIN,Total,5,45,114,0.717,2025,159
189,MIN,Total,6,58,101,0.635,2025,159
190,MIN,Total,7,38,120,0.759,2025,158
191,MIN,Total,8,29,128,0.815,2025,157
192,MIN,Total,9,30,99,0.767,2025,129
382,NYM,Home,1,30,51,0.63,2025,81
383,NYM,Home,2,22,59,0.728,2025,81
384,NYM,Home,3,30,51,0.63,2025,81
385,NYM,Home,4,24,57,0.704,2025,81
386,NYM,Home,5,23,58,0.716,2025,81
387,NYM,Home,6,19,62,0.765,2025,81
388,NYM,Home,7,23,58,0.716,2025,81
389,NYM,Home,8,28,53,0.654,2025,81
390,NYM,Home,9,8,32,0.8,2025,40
395,NYM,Road,1,20,58,0.744,2025,78
396,NYM,Road,2,19,59,0.756,2025,78
397,NYM,Road,3,26,52,0.667,2025,78
398,NYM,Road,4,18,60,0.769,2025,78
399,NYM,Road,5,22,56,0.718,2025,78
400,NYM,Road,6,20,58,0.744,2025,78
401,NYM,Road,7,19,59,0.756,2025,78
402,NYM,Road,8,21,57,0.731,2025,78
403,NYM,Road,9,24,54,0.692,2025,78
195,NYM,Total,1,50,109,0.686,2025,159
196,NYM,Total,2,41,118,0.742,2025,159
197,NYM,Total,3,56,103,0.648,2025,159
198,NYM,Total,4,42,117,0.736,2025,159
199,NYM,Total,5,45,114,0.717,2025,159
200,NYM,Total,6,39,120,0.755,2025,159
201,NYM,Total,7,42,117,0.736,2025,159
202,NYM,Total,8,49,110,0.692,2025,159
203,NYM,Total,9,32,86,0.729,2025,118
406,NYY,Home,1,27,51,0.654,2025,78
407,NYY,Home,2,27,51,0.654,2025,78
408,NYY,Home,3,26,52,0.667,2025,78
409,NYY,Home,4,21,57,0.731,2025,78
410,NYY,Home,5,20,58,0.744,2025,78
411,NYY,Home,6,20,57,0.74,2025,77
412,NYY,Home,7,20,57,0.74,2025,77
413,NYY,Home,8,22,55,0.714,2025,77
414,NYY,Home,9,7,28,0.8,2025,35
417,NYY,Road,1,35,46,0.568,2025,81
418,NYY,Road,2,20,61,0.753,2025,81
419,NYY,Road,3,21,60,0.741,2025,81
420,NYY,Road,4,26,55,0.679,2025,81
421,NYY,Road,5,28,53,0.654,2025,81
422,NYY,Road,6,21,60,0.741,2025,81
423,NYY,Road,7,32,49,0.605,2025,81
424,NYY,Road,8,22,59,0.728,2025,81
425,NYY,Road,9,23,58,0.716,2025,81
208,NYY,Total,1,62,97,0.61,2025,159
209,NYY,Total,2,47,112,0.704,2025,159
210,NYY,Total,3,47,112,0.704,2025,159
211,NYY,Total,4,47,112,0.704,2025,159
212,NYY,Total,5,48,111,0.698,2025,159
213,NYY,Total,6,41,117,0.741,2025,158
214,NYY,Total,7,52,106,0.671,2025,158
215,NYY,Total,8,44,114,0.722,2025,158
216,NYY,Total,9,30,86,0.741,2025,116
428,OAK,Home,1,27,51,0.654,2025,78
429,OAK,Home,2,21,57,0.731,2025,78
430,OAK,Home,3,30,48,0.615,2025,78
431,OAK,Home,4,17,61,0.782,2025,78
432,OAK,Home,5,25,53,0.679,2025,78
433,OAK,Home,6,15,63,0.808,2025,78
434,OAK,Home,7,23,55,0.705,2025,78
435,OAK,Home,8,21,57,0.731,2025,78
436,OAK,Home,9,12,39,0.765,2025,51
439,OAK,Road,1,23,58,0.716,2025,81
440,OAK,Road,2,19,62,0.765,2025,81
441,OAK,Road,3,19,62,0.765,2025,81
442,OAK,Road,4,28,53,0.654,2025,81
443,OAK,Road,5,21,60,0.741,2025,81
444,OAK,Road,6,28,53,0.654,2025,81
445,OAK,Road,7,16,65,0.802,2025,81
446,OAK,Road,8,21,60,0.741,2025,81
447,OAK,Road,9,25,56,0.691,2025,81
219,OAK,Total,1,50,109,0.686,2025,159
220,OAK,Total,2,40,119,0.748,2025,159
221,OAK,Total,3,49,110,0.692,2025,159
222,OAK,Total,4,45,114,0.717,2025,159
223,OAK,Total,5,46,113,0.711,2025,159
224,OAK,Total,6,43,116,0.73,2025,159
225,OAK,Total,7,39,120,0.755,2025,159
226,OAK,Total,8,42,117,0.736,2025,159
227,OAK,Total,9,37,95,0.72,2025,132
450,PHI,Home,1,32,46,0.59,2025,78
451,PHI,Home,2,21,57,0.731,2025,78
452,PHI,Home,3,20,58,0.744,2025,78
453,PHI,Home,4,32,46,0.59,2025,78
454,PHI,Home,5,25,53,0.679,2025,78
455,PHI,Home,6,19,59,0.756,2025,78
456,PHI,Home,7,30,48,0.615,2025,78
457,PHI,Home,8,32,46,0.59,2025,78
458,PHI,Home,9,5,24,0.828,2025,29
461,PHI,Road,1,22,59,0.728,2025,81
462,PHI,Road,2,16,65,0.802,2025,81
463,PHI,Road,3,15,66,0.815,2025,81
464,PHI,Road,4,21,60,0.741,2025,81
465,PHI,Road,5,18,63,0.778,2025,81
466,PHI,Road,6,17,64,0.79,2025,81
467,PHI,Road,7,20,61,0.753,2025,81
468,PHI,Road,8,21,60,0.741,2025,81
469,PHI,Road,9,21,60,0.741,2025,81
230,PHI,Total,1,54,105,0.66,2025,159
231,PHI,Total,2,37,122,0.767,2025,159
232,PHI,Total,3,35,124,0.78,2025,159
233,PHI,Total,4,53,106,0.667,2025,159
234,PHI,Total,5,43,116,0.73,2025,159
235,PHI,Total,6,36,123,0.774,2025,159
236,PHI,Total,7,50,109,0.686,2025,159
237,PHI,Total,8,53,106,0.667,2025,159
238,PHI,Total,9,26,84,0.764,2025,110
472,PIT,Home,1,25,56,0.691,2025,81
473,PIT,Home,2,25,56,0.691,2025,81
474,PIT,Home,3,23,58,0.716,2025,81
475,PIT,Home,4,18,63,0.778,2025,81
476,PIT,Home,5,18,63,0.778,2025,81
477,PIT,Home,6,15,66,0.815,2025,81
478,PIT,Home,7,20,61,0.753,2025,81
479,PIT,Home,8,20,61,0.753,2025,81
480,PIT,Home,9,8,35,0.814,2025,43
485,PIT,Road,1,19,59,0.756,2025,78
486,PIT,Road,2,13,65,0.833,2025,78
487,PIT,Road,3,12,66,0.846,2025,78
488,PIT,Road,4,15,63,0.808,2025,78
489,PIT,Road,5,23,55,0.705,2025,78
490,PIT,Road,6,20,58,0.744,2025,78
491,PIT,Road,7,13,65,0.833,2025,78
492,PIT,Road,8,13,65,0.833,2025,78
493,PIT,Road,9,15,63,0.808,2025,78
241,PIT,Total,1,44,115,0.723,2025,159
242,PIT,Total,2,38,121,0.761,2025,159
243,PIT,Total,3,35,124,0.78,2025,159
244,PIT,Total,4,33,126,0.792,2025,159
245,PIT,Total,5,41,118,0.742,2025,159
246,PIT,Total,6,35,124,0.78,2025,159
247,PIT,Total,7,33,126,0.792,2025,159
248,PIT,Total,8,33,126,0.792,2025,159
249,PIT,Total,9,23,98,0.81,2025,121
497,SD,Home,1,21,57,0.731,2025,78
498,SD,Home,2,20,58,0.744,2025,78
499,SD,Home,3,26,52,0.667,2025,78
500,SD,Home,4,20,58,0.744,2025,78
501,SD,Home,5,23,55,0.705,2025,78
502,SD,Home,6,22,56,0.718,2025,78
503,SD,Home,7,30,48,0.615,2025,78
504,SD,Home,8,19,59,0.756,2025,78
505,SD,Home,9,5,32,0.865,2025,37
508,SD,Road,1,21,60,0.741,2025,81
509,SD,Road,2,27,54,0.667,2025,81
510,SD,Road,3,23,58,0.716,2025,81
511,SD,Road,4,19,62,0.765,2025,81
512,SD,Road,5,18,63,0.778,2025,81
513,SD,Road,6,14,67,0.827,2025,81
514,SD,Road,7,23,58,0.716,2025,81
515,SD,Road,8,18,63,0.778,2025,81
516,SD,Road,9,20,61,0.753,2025,81
254,SD,Total,1,42,117,0.736,2025,159
255,SD,Total,2,47,112,0.704,2025,159
256,SD,Total,3,49,110,0.692,2025,159
257,SD,Total,4,39,120,0.755,2025,159
258,SD,Total,5,41,118,0.742,2025,159
259,SD,Total,6,36,123,0.774,2025,159
260,SD,Total,7,53,106,0.667,2025,159
261,SD,Total,8,37,122,0.767,2025,159
262,SD,Total,9,25,93,0.788,2025,118
519,SEA,Home,1,17,61,0.782,2025,78
520,SEA,Home,2,28,50,0.641,2025,78
521,SEA,Home,3,17,61,0.782,2025,78
522,SEA,Home,4,26,52,0.667,2025,78
523,SEA,Home,5,17,61,0.782,2025,78
524,SEA,Home,6,19,59,0.756,2025,78
525,SEA,Home,7,22,56,0.718,2025,78
526,SEA,Home,8,15,63,0.808,2025,78
527,SEA,Home,9,4,33,0.892,2025,37
532,SEA,Road,1,30,51,0.63,2025,81
533,SEA,Road,2,22,59,0.728,2025,81
534,SEA,Road,3,21,60,0.741,2025,81
535,SEA,Road,4,23,58,0.716,2025,81
536,SEA,Road,5,21,60,0.741,2025,81
537,SEA,Road,6,25,56,0.691,2025,81
538,SEA,Road,7,27,54,0.667,2025,81
539,SEA,Road,8,19,62,0.765,2025,81
540,SEA,Road,9,28,53,0.654,2025,81
265,SEA,Total,1,47,112,0.704,2025,159
266,SEA,Total,2,50,109,0.686,2025,159
267,SEA,Total,3,38,121,0.761,2025,159
268,SEA,Total,4,49,110,0.692,2025,159
269,SEA,Total,5,38,121,0.761,2025,159
270,SEA,Total,6,44,115,0.723,2025,159
271,SEA,Total,7,49,110,0.692,2025,159
272,SEA,Total,8,34,125,0.786,2025,159
273,SEA,Total,9,32,86,0.729,2025,118
544,SF,Home,1,25,53,0.679,2025,78
545,SF,Home,2,17,61,0.782,2025,78
546,SF,Home,3,19,59,0.756,2025,78
547,SF,Home,4,23,55,0.705,2025,78
548,SF,Home,5,23,55,0.705,2025,78
549,SF,Home,6,20,58,0.744,2025,78
550,SF,Home,7,12,66,0.846,2025,78
551,SF,Home,8,20,58,0.744,2025,78
552,SF,Home,9,6,44,0.88,2025,50
555,SF,Road,1,27,54,0.667,2025,81
556,SF,Road,2,19,62,0.765,2025,81
557,SF,Road,3,20,61,0.753,2025,81
558,SF,Road,4,19,62,0.765,2025,81
559,SF,Road,5,23,58,0.716,2025,81
560,SF,Road,6,21,60,0.741,2025,81
561,SF,Road,7,20,60,0.75,2025,80
562,SF,Road,8,17,63,0.788,2025,80
563,SF,Road,9,16,64,0.8,2025,80
278,SF,Total,1,52,107,0.673,2025,159
279,SF,Total,2,36,123,0.774,2025,159
280,SF,Total,3,39,120,0.755,2025,159
281,SF,Total,4,42,117,0.736,2025,159
282,SF,Total,5,46,113,0.711,2025,159
283,SF,Total,6,41,118,0.742,2025,159
284,SF,Total,7,32,126,0.797,2025,158
285,SF,Total,8,37,121,0.766,2025,158
286,SF,Total,9,22,108,0.831,2025,130
566,STL,Home,1,17,64,0.79,2025,81
567,STL,Home,2,23,58,0.716,2025,81
568,STL,Home,3,22,59,0.728,2025,81
569,STL,Home,4,20,61,0.753,2025,81
570,STL,Home,5,20,61,0.753,2025,81
571,STL,Home,6,30,51,0.63,2025,81
572,STL,Home,7,20,61,0.753,2025,81
573,STL,Home,8,18,63,0.778,2025,81
574,STL,Home,9,5,38,0.884,2025,43
577,STL,Road,1,21,57,0.731,2025,78
578,STL,Road,2,17,61,0.782,2025,78
579,STL,Road,3,18,60,0.769,2025,78
580,STL,Road,4,24,54,0.692,2025,78
581,STL,Road,5,18,60,0.769,2025,78
582,STL,Road,6,21,57,0.731,2025,78
583,STL,Road,7,21,57,0.731,2025,78
584,STL,Road,8,23,55,0.705,2025,78
585,STL,Road,9,27,51,0.654,2025,78
289,STL,Total,1,38,121,0.761,2025,159
290,STL,Total,2,40,119,0.748,2025,159
291,STL,Total,3,40,119,0.748,2025,159
292,STL,Total,4,44,115,0.723,2025,159
293,STL,Total,5,38,121,0.761,2025,159
294,STL,Total,6,51,108,0.679,2025,159
295,STL,Total,7,41,118,0.742,2025,159
296,STL,Total,8,41,118,0.742,2025,159
297,STL,Total,9,32,89,0.736,2025,121
590,TB,Home,1,29,52,0.642,2025,81
591,TB,Home,2,18,63,0.778,2025,81
592,TB,Home,3,24,57,0.704,2025,81
593,TB,Home,4,29,52,0.642,2025,81
594,TB,Home,5,15,66,0.815,2025,81
595,TB,Home,6,23,58,0.716,2025,81
596,TB,Home,7,20,61,0.753,2025,81
597,TB,Home,8,23,58,0.716,2025,81
598,TB,Home,9,10,35,0.778,2025,45
601,TB,Road,1,20,58,0.744,2025,78
602,TB,Road,2,19,59,0.756,2025,78
603,TB,Road,3,27,51,0.654,2025,78
604,TB,Road,4,27,51,0.654,2025,78
605,TB,Road,5,20,58,0.744,2025,78
606,TB,Road,6,17,61,0.782,2025,78
607,TB,Road,7,18,60,0.769,2025,78
608,TB,Road,8,15,63,0.808,2025,78
609,TB,Road,9,16,62,0.795,2025,78
302,TB,Total,1,49,110,0.692,2025,159
303,TB,Total,2,37,122,0.767,2025,159
304,TB,Total,3,51,108,0.679,2025,159
305,TB,Total,4,56,103,0.648,2025,159
306,TB,Total,5,35,124,0.78,2025,159
307,TB,Total,6,40,119,0.748,2025,159
308,TB,Total,7,38,121,0.761,2025,159
309,TB,Total,8,38,121,0.761,2025,159
310,TB,Total,9,26,97,0.789,2025,123
612,TEX,Home,1,18,63,0.778,2025,81
613,TEX,Home,2,24,57,0.704,2025,81
614,TEX,Home,3,23,58,0.716,2025,81
615,TEX,Home,4,18,63,0.778,2025,81
616,TEX,Home,5,18,63,0.778,2025,81
617,TEX,Home,6,21,60,0.741,2025,81
618,TEX,Home,7,20,61,0.753,2025,81
619,TEX,Home,8,14,67,0.827,2025,81
620,TEX,Home,9,7,35,0.833,2025,42
624,TEX,Road,1,22,56,0.718,2025,78
625,TEX,Road,2,18,60,0.769,2025,78
626,TEX,Road,3,26,52,0.667,2025,78
627,TEX,Road,4,21,57,0.731,2025,78
628,TEX,Road,5,24,54,0.692,2025,78
629,TEX,Road,6,20,58,0.744,2025,78
630,TEX,Road,7,17,61,0.782,2025,78
631,TEX,Road,8,22,56,0.718,2025,78
632,TEX,Road,9,18,60,0.769,2025,78
313,TEX,Total,1,40,119,0.748,2025,159
314,TEX,Total,2,42,117,0.736,2025,159
315,TEX,Total,3,49,110,0.692,2025,159
316,TEX,Total,4,39,120,0.755,2025,159
317,TEX,Total,5,42,117,0.736,2025,159
318,TEX,Total,6,41,118,0.742,2025,159
319,TEX,Total,7,37,122,0.767,2025,159
320,TEX,Total,8,36,123,0.774,2025,159
321,TEX,Total,9,25,95,0.792,2025,120
635,TOR,Home,1,22,56,0.718,2025,78
636,TOR,Home,2,19,59,0.756,2025,78
637,TOR,Home,3,25,53,0.679,2025,78
638,TOR,Home,4,20,58,0.744,2025,78
639,TOR,Home,5,26,52,0.667,2025,78
640,TOR,Home,6,29,49,0.628,2025,78
641,TOR,Home,7,24,54,0.692,2025,78
642,TOR,Home,8,27,51,0.654,2025,78
643,TOR,Home,9,9,27,0.75,2025,36
647,TOR,Road,1,21,60,0.741,2025,81
648,TOR,Road,2,20,61,0.753,2025,81
649,TOR,Road,3,23,58,0.716,2025,81
650,TOR,Road,4,21,60,0.741,2025,81
651,TOR,Road,5,23,58,0.716,2025,81
652,TOR,Road,6,21,60,0.741,2025,81
653,TOR,Road,7,21,60,0.741,2025,81
654,TOR,Road,8,21,59,0.738,2025,80
655,TOR,Road,9,18,62,0.775,2025,80
325,TOR,Total,1,43,116,0.73,2025,159
326,TOR,Total,2,39,120,0.755,2025,159
327,TOR,Total,3,48,111,0.698,2025,159
328,TOR,Total,4,41,118,0.742,2025,159
329,TOR,Total,5,49,110,0.692,2025,159
330,TOR,Total,6,50,109,0.686,2025,159
331,TOR,Total,7,45,114,0.717,2025,159
332,TOR,Total,8,48,110,0.696,2025,158
333,TOR,Total,9,27,89,0.767,2025,116
659,WSH,Home,1,21,57,0.731,2025,78
660,WSH,Home,2,21,57,0.731,2025,78
661,WSH,Home,3,17,61,0.782,2025,78
662,WSH,Home,4,19,59,0.756,2025,78
663,WSH,Home,5,14,64,0.821,2025,78
664,WSH,Home,6,20,58,0.744,2025,78
665,WSH,Home,7,15,63,0.808,2025,78
666,WSH,Home,8,18,60,0.769,2025,78
667,WSH,Home,9,14,38,0.731,2025,52
670,WSH,Road,1,22,59,0.728,2025,81
671,WSH,Road,2,17,64,0.79,2025,81
672,WSH,Road,3,14,67,0.827,2025,81
673,WSH,Road,4,26,55,0.679,2025,81
674,WSH,Road,5,21,60,0.741,2025,81
675,WSH,Road,6,27,54,0.667,2025,81
676,WSH,Road,7,22,59,0.728,2025,81
677,WSH,Road,8,20,61,0.753,2025,81
678,WSH,Road,9,24,57,0.704,2025,81
337,WSH,Total,1,43,116,0.73,2025,159
338,WSH,Total,2,38,121,0.761,2025,159
339,WSH,Total,3,31,128,0.805,2025,159
340,WSH,Total,4,45,114,0.717,2025,159
341,WSH,Total,5,35,124,0.78,2025,159
342,WSH,Total,6,47,112,0.704,2025,159
343,WSH,Total,7,37,122,0.767,2025,159
344,WSH,Total,8,38,121,0.761,2025,159
345,WSH,Total,9,38,95,0.714,2025,133
