,BatterTeam,Split,inning,YRA,NRA,NRA%,Year,Apps
0,ARI,Home,1,30,36,0.545,2025,66
1,ARI,Home,2,17,49,0.742,2025,66
2,ARI,Home,3,24,42,0.636,2025,66
3,ARI,Home,4,24,42,0.636,2025,66
4,ARI,Home,5,28,38,0.576,2025,66
5,ARI,Home,6,14,52,0.788,2025,66
6,ARI,Home,7,15,51,0.773,2025,66
7,ARI,Home,8,21,45,0.682,2025,66
8,ARI,Home,9,12,26,0.684,2025,38
11,ARI,Road,1,18,52,0.743,2025,70
12,ARI,Road,2,23,47,0.671,2025,70
13,ARI,Road,3,23,47,0.671,2025,70
14,ARI,Road,4,22,48,0.686,2025,70
15,ARI,Road,5,21,49,0.7,2025,70
16,ARI,Road,6,16,54,0.771,2025,70
17,ARI,Road,7,19,51,0.729,2025,70
18,ARI,Road,8,17,53,0.757,2025,70
19,ARI,Road,9,20,50,0.714,2025,70
0,ARI,Total,1,48,88,0.647,2025,136
1,ARI,Total,2,40,96,0.706,2025,136
2,ARI,Total,3,47,89,0.654,2025,136
3,ARI,Total,4,46,90,0.662,2025,136
4,ARI,Total,5,49,87,0.64,2025,136
5,ARI,Total,6,30,106,0.779,2025,136
6,ARI,Total,7,34,102,0.75,2025,136
7,ARI,Total,8,38,98,0.721,2025,136
8,ARI,Total,9,32,76,0.704,2025,108
22,ATL,Home,1,20,46,0.697,2025,66
23,ATL,Home,2,10,56,0.848,2025,66
24,ATL,Home,3,17,49,0.742,2025,66
25,ATL,Home,4,18,48,0.727,2025,66
26,ATL,Home,5,18,48,0.727,2025,66
27,ATL,Home,6,22,44,0.667,2025,66
28,ATL,Home,7,16,50,0.758,2025,66
29,ATL,Home,8,15,51,0.773,2025,66
30,ATL,Home,9,9,29,0.763,2025,38
33,ATL,Road,1,19,50,0.725,2025,69
34,ATL,Road,2,19,50,0.725,2025,69
35,ATL,Road,3,15,54,0.783,2025,69
36,ATL,Road,4,23,46,0.667,2025,69
37,ATL,Road,5,14,55,0.797,2025,69
38,ATL,Road,6,19,50,0.725,2025,69
39,ATL,Road,7,16,53,0.768,2025,69
40,ATL,Road,8,18,51,0.739,2025,69
41,ATL,Road,9,19,50,0.725,2025,69
11,ATL,Total,1,39,96,0.711,2025,135
12,ATL,Total,2,29,106,0.785,2025,135
13,ATL,Total,3,32,103,0.763,2025,135
14,ATL,Total,4,41,94,0.696,2025,135
15,ATL,Total,5,32,103,0.763,2025,135
16,ATL,Total,6,41,94,0.696,2025,135
17,ATL,Total,7,32,103,0.763,2025,135
18,ATL,Total,8,33,102,0.756,2025,135
19,ATL,Total,9,28,79,0.738,2025,107
44,BAL,Home,1,18,50,0.735,2025,68
45,BAL,Home,2,21,47,0.691,2025,68
46,BAL,Home,3,23,45,0.662,2025,68
47,BAL,Home,4,12,56,0.824,2025,68
48,BAL,Home,5,18,50,0.735,2025,68
49,BAL,Home,6,20,48,0.706,2025,68
50,BAL,Home,7,24,44,0.647,2025,68
51,BAL,Home,8,20,48,0.706,2025,68
52,BAL,Home,9,5,33,0.868,2025,38
54,BAL,Road,1,17,50,0.746,2025,67
55,BAL,Road,2,10,57,0.851,2025,67
56,BAL,Road,3,20,47,0.701,2025,67
57,BAL,Road,4,17,50,0.746,2025,67
58,BAL,Road,5,18,49,0.731,2025,67
59,BAL,Road,6,15,52,0.776,2025,67
60,BAL,Road,7,18,49,0.731,2025,67
61,BAL,Road,8,13,54,0.806,2025,67
62,BAL,Road,9,11,56,0.836,2025,67
22,BAL,Total,1,35,100,0.741,2025,135
23,BAL,Total,2,31,104,0.77,2025,135
24,BAL,Total,3,43,92,0.681,2025,135
25,BAL,Total,4,29,106,0.785,2025,135
26,BAL,Total,5,36,99,0.733,2025,135
27,BAL,Total,6,35,100,0.741,2025,135
28,BAL,Total,7,42,93,0.689,2025,135
29,BAL,Total,8,33,102,0.756,2025,135
30,BAL,Total,9,16,89,0.848,2025,105
66,BOS,Home,1,23,44,0.657,2025,67
67,BOS,Home,2,15,52,0.776,2025,67
68,BOS,Home,3,21,46,0.687,2025,67
69,BOS,Home,4,17,50,0.746,2025,67
70,BOS,Home,5,22,45,0.672,2025,67
71,BOS,Home,6,20,47,0.701,2025,67
72,BOS,Home,7,24,43,0.642,2025,67
73,BOS,Home,8,19,48,0.716,2025,67
74,BOS,Home,9,7,29,0.806,2025,36
77,BOS,Road,1,20,49,0.71,2025,69
78,BOS,Road,2,18,51,0.739,2025,69
79,BOS,Road,3,21,48,0.696,2025,69
80,BOS,Road,4,18,51,0.739,2025,69
81,BOS,Road,5,20,49,0.71,2025,69
82,BOS,Road,6,20,49,0.71,2025,69
83,BOS,Road,7,16,53,0.768,2025,69
84,BOS,Road,8,13,56,0.812,2025,69
85,BOS,Road,9,23,46,0.667,2025,69
34,BOS,Total,1,43,93,0.684,2025,136
35,BOS,Total,2,33,103,0.757,2025,136
36,BOS,Total,3,42,94,0.691,2025,136
37,BOS,Total,4,35,101,0.743,2025,136
38,BOS,Total,5,42,94,0.691,2025,136
39,BOS,Total,6,40,96,0.706,2025,136
40,BOS,Total,7,40,96,0.706,2025,136
41,BOS,Total,8,32,104,0.765,2025,136
42,BOS,Total,9,30,75,0.714,2025,105
89,CHC,Home,1,19,47,0.712,2025,66
90,CHC,Home,2,26,40,0.606,2025,66
91,CHC,Home,3,19,47,0.712,2025,66
92,CHC,Home,4,16,50,0.758,2025,66
93,CHC,Home,5,23,43,0.652,2025,66
94,CHC,Home,6,15,51,0.773,2025,66
95,CHC,Home,7,16,50,0.758,2025,66
96,CHC,Home,8,19,47,0.712,2025,66
97,CHC,Home,9,4,27,0.871,2025,31
100,CHC,Road,1,21,48,0.696,2025,69
101,CHC,Road,2,18,51,0.739,2025,69
102,CHC,Road,3,17,52,0.754,2025,69
103,CHC,Road,4,25,44,0.638,2025,69
104,CHC,Road,5,19,50,0.725,2025,69
105,CHC,Road,6,22,47,0.681,2025,69
106,CHC,Road,7,25,44,0.638,2025,69
107,CHC,Road,8,22,47,0.681,2025,69
108,CHC,Road,9,16,53,0.768,2025,69
46,CHC,Total,1,40,95,0.704,2025,135
47,CHC,Total,2,44,91,0.674,2025,135
48,CHC,Total,3,36,99,0.733,2025,135
49,CHC,Total,4,41,94,0.696,2025,135
50,CHC,Total,5,42,93,0.689,2025,135
51,CHC,Total,6,37,98,0.726,2025,135
52,CHC,Total,7,41,94,0.696,2025,135
53,CHC,Total,8,41,94,0.696,2025,135
54,CHC,Total,9,20,80,0.8,2025,100
111,CIN,Home,1,27,39,0.591,2025,66
112,CIN,Home,2,15,51,0.773,2025,66
113,CIN,Home,3,18,48,0.727,2025,66
114,CIN,Home,4,17,49,0.742,2025,66
115,CIN,Home,5,15,51,0.773,2025,66
116,CIN,Home,6,22,44,0.667,2025,66
117,CIN,Home,7,20,45,0.692,2025,65
118,CIN,Home,8,11,54,0.831,2025,65
119,CIN,Home,9,8,27,0.771,2025,35
122,CIN,Road,1,14,55,0.797,2025,69
123,CIN,Road,2,11,58,0.841,2025,69
124,CIN,Road,3,20,49,0.71,2025,69
125,CIN,Road,4,21,48,0.696,2025,69
126,CIN,Road,5,22,47,0.681,2025,69
127,CIN,Road,6,21,48,0.696,2025,69
128,CIN,Road,7,12,57,0.826,2025,69
129,CIN,Road,8,24,45,0.652,2025,69
130,CIN,Road,9,20,49,0.71,2025,69
57,CIN,Total,1,41,94,0.696,2025,135
58,CIN,Total,2,26,109,0.807,2025,135
59,CIN,Total,3,38,97,0.719,2025,135
60,CIN,Total,4,38,97,0.719,2025,135
61,CIN,Total,5,37,98,0.726,2025,135
62,CIN,Total,6,43,92,0.681,2025,135
63,CIN,Total,7,32,102,0.761,2025,134
64,CIN,Total,8,35,99,0.739,2025,134
65,CIN,Total,9,28,76,0.731,2025,104
133,CLE,Home,1,21,45,0.682,2025,66
134,CLE,Home,2,10,56,0.848,2025,66
135,CLE,Home,3,16,50,0.758,2025,66
136,CLE,Home,4,23,43,0.652,2025,66
137,CLE,Home,5,13,53,0.803,2025,66
138,CLE,Home,6,18,48,0.727,2025,66
139,CLE,Home,7,15,51,0.773,2025,66
140,CLE,Home,8,13,53,0.803,2025,66
141,CLE,Home,9,8,31,0.795,2025,39
143,CLE,Road,1,16,51,0.761,2025,67
144,CLE,Road,2,13,54,0.806,2025,67
145,CLE,Road,3,20,47,0.701,2025,67
146,CLE,Road,4,20,47,0.701,2025,67
147,CLE,Road,5,15,52,0.776,2025,67
148,CLE,Road,6,19,48,0.716,2025,67
149,CLE,Road,7,16,51,0.761,2025,67
150,CLE,Road,8,14,53,0.791,2025,67
151,CLE,Road,9,13,54,0.806,2025,67
68,CLE,Total,1,37,96,0.722,2025,133
69,CLE,Total,2,23,110,0.827,2025,133
70,CLE,Total,3,36,97,0.729,2025,133
71,CLE,Total,4,43,90,0.677,2025,133
72,CLE,Total,5,28,105,0.789,2025,133
73,CLE,Total,6,37,96,0.722,2025,133
74,CLE,Total,7,31,102,0.767,2025,133
75,CLE,Total,8,27,106,0.797,2025,133
76,CLE,Total,9,21,85,0.802,2025,106
154,COL,Home,1,22,45,0.672,2025,67
155,COL,Home,2,20,47,0.701,2025,67
156,COL,Home,3,25,42,0.627,2025,67
157,COL,Home,4,23,44,0.657,2025,67
158,COL,Home,5,20,47,0.701,2025,67
159,COL,Home,6,17,50,0.746,2025,67
160,COL,Home,7,14,53,0.791,2025,67
161,COL,Home,8,23,44,0.657,2025,67
162,COL,Home,9,14,35,0.714,2025,49
165,COL,Road,1,9,59,0.868,2025,68
166,COL,Road,2,9,59,0.868,2025,68
167,COL,Road,3,17,51,0.75,2025,68
168,COL,Road,4,12,56,0.824,2025,68
169,COL,Road,5,16,52,0.765,2025,68
170,COL,Road,6,16,52,0.765,2025,68
171,COL,Road,7,18,50,0.735,2025,68
172,COL,Road,8,14,54,0.794,2025,68
173,COL,Road,9,12,56,0.824,2025,68
79,COL,Total,1,31,104,0.77,2025,135
80,COL,Total,2,29,106,0.785,2025,135
81,COL,Total,3,42,93,0.689,2025,135
82,COL,Total,4,35,100,0.741,2025,135
83,COL,Total,5,36,99,0.733,2025,135
84,COL,Total,6,33,102,0.756,2025,135
85,COL,Total,7,32,103,0.763,2025,135
86,COL,Total,8,37,98,0.726,2025,135
87,COL,Total,9,26,91,0.778,2025,117
176,CWS,Home,1,20,50,0.714,2025,70
177,CWS,Home,2,20,50,0.714,2025,70
178,CWS,Home,3,12,58,0.829,2025,70
179,CWS,Home,4,19,51,0.729,2025,70
180,CWS,Home,5,15,55,0.786,2025,70
181,CWS,Home,6,18,52,0.743,2025,70
182,CWS,Home,7,16,52,0.765,2025,68
183,CWS,Home,8,21,47,0.691,2025,68
184,CWS,Home,9,5,38,0.884,2025,43
187,CWS,Road,1,20,45,0.692,2025,65
188,CWS,Road,2,14,51,0.785,2025,65
189,CWS,Road,3,13,52,0.8,2025,65
190,CWS,Road,4,19,46,0.708,2025,65
191,CWS,Road,5,14,51,0.785,2025,65
192,CWS,Road,6,18,47,0.723,2025,65
193,CWS,Road,7,15,50,0.769,2025,65
194,CWS,Road,8,13,51,0.797,2025,64
195,CWS,Road,9,14,50,0.781,2025,64
90,CWS,Total,1,40,95,0.704,2025,135
91,CWS,Total,2,34,101,0.748,2025,135
92,CWS,Total,3,25,110,0.815,2025,135
93,CWS,Total,4,38,97,0.719,2025,135
94,CWS,Total,5,29,106,0.785,2025,135
95,CWS,Total,6,36,99,0.733,2025,135
96,CWS,Total,7,31,102,0.767,2025,133
97,CWS,Total,8,34,98,0.742,2025,132
98,CWS,Total,9,19,88,0.822,2025,107
198,DET,Home,1,20,49,0.71,2025,69
199,DET,Home,2,22,47,0.681,2025,69
200,DET,Home,3,21,48,0.696,2025,69
201,DET,Home,4,26,43,0.623,2025,69
202,DET,Home,5,28,41,0.594,2025,69
203,DET,Home,6,19,50,0.725,2025,69
204,DET,Home,7,23,46,0.667,2025,69
205,DET,Home,8,14,55,0.797,2025,69
206,DET,Home,9,5,24,0.828,2025,29
209,DET,Road,1,16,51,0.761,2025,67
210,DET,Road,2,16,51,0.761,2025,67
211,DET,Road,3,21,46,0.687,2025,67
212,DET,Road,4,19,48,0.716,2025,67
213,DET,Road,5,10,57,0.851,2025,67
214,DET,Road,6,11,56,0.836,2025,67
215,DET,Road,7,18,49,0.731,2025,67
216,DET,Road,8,21,46,0.687,2025,67
217,DET,Road,9,15,52,0.776,2025,67
101,DET,Total,1,36,100,0.735,2025,136
102,DET,Total,2,38,98,0.721,2025,136
103,DET,Total,3,42,94,0.691,2025,136
104,DET,Total,4,45,91,0.669,2025,136
105,DET,Total,5,38,98,0.721,2025,136
106,DET,Total,6,30,106,0.779,2025,136
107,DET,Total,7,41,95,0.699,2025,136
108,DET,Total,8,35,101,0.743,2025,136
109,DET,Total,9,20,76,0.792,2025,96
220,HOU,Home,1,17,52,0.754,2025,69
221,HOU,Home,2,14,55,0.797,2025,69
222,HOU,Home,3,18,51,0.739,2025,69
223,HOU,Home,4,17,52,0.754,2025,69
224,HOU,Home,5,20,49,0.71,2025,69
225,HOU,Home,6,20,49,0.71,2025,69
226,HOU,Home,7,15,54,0.783,2025,69
227,HOU,Home,8,20,49,0.71,2025,69
228,HOU,Home,9,5,30,0.857,2025,35
232,HOU,Road,1,19,47,0.712,2025,66
233,HOU,Road,2,13,53,0.803,2025,66
234,HOU,Road,3,16,50,0.758,2025,66
235,HOU,Road,4,13,53,0.803,2025,66
236,HOU,Road,5,17,49,0.742,2025,66
237,HOU,Road,6,19,47,0.712,2025,66
238,HOU,Road,7,16,50,0.758,2025,66
239,HOU,Road,8,19,46,0.708,2025,65
240,HOU,Road,9,12,53,0.815,2025,65
112,HOU,Total,1,36,99,0.733,2025,135
113,HOU,Total,2,27,108,0.8,2025,135
114,HOU,Total,3,34,101,0.748,2025,135
115,HOU,Total,4,30,105,0.778,2025,135
116,HOU,Total,5,37,98,0.726,2025,135
117,HOU,Total,6,39,96,0.711,2025,135
118,HOU,Total,7,31,104,0.77,2025,135
119,HOU,Total,8,39,95,0.709,2025,134
120,HOU,Total,9,17,83,0.83,2025,100
244,KC,Home,1,23,44,0.657,2025,67
245,KC,Home,2,15,52,0.776,2025,67
246,KC,Home,3,14,53,0.791,2025,67
247,KC,Home,4,14,53,0.791,2025,67
248,KC,Home,5,17,50,0.746,2025,67
249,KC,Home,6,17,50,0.746,2025,67
250,KC,Home,7,16,51,0.761,2025,67
251,KC,Home,8,17,50,0.746,2025,67
252,KC,Home,9,10,28,0.737,2025,38
256,KC,Road,1,19,49,0.721,2025,68
257,KC,Road,2,14,54,0.794,2025,68
258,KC,Road,3,16,52,0.765,2025,68
259,KC,Road,4,20,48,0.706,2025,68
260,KC,Road,5,22,46,0.676,2025,68
261,KC,Road,6,12,56,0.824,2025,68
262,KC,Road,7,12,56,0.824,2025,68
263,KC,Road,8,20,48,0.706,2025,68
264,KC,Road,9,15,53,0.779,2025,68
124,KC,Total,1,42,93,0.689,2025,135
125,KC,Total,2,29,106,0.785,2025,135
126,KC,Total,3,30,105,0.778,2025,135
127,KC,Total,4,34,101,0.748,2025,135
128,KC,Total,5,39,96,0.711,2025,135
129,KC,Total,6,29,106,0.785,2025,135
130,KC,Total,7,28,107,0.793,2025,135
131,KC,Total,8,37,98,0.726,2025,135
132,KC,Total,9,25,81,0.764,2025,106
267,LAA,Home,1,22,47,0.681,2025,69
268,LAA,Home,2,14,55,0.797,2025,69
269,LAA,Home,3,14,55,0.797,2025,69
270,LAA,Home,4,21,48,0.696,2025,69
271,LAA,Home,5,20,49,0.71,2025,69
272,LAA,Home,6,18,51,0.739,2025,69
273,LAA,Home,7,18,51,0.739,2025,69
274,LAA,Home,8,16,53,0.768,2025,69
275,LAA,Home,9,8,36,0.818,2025,44
278,LAA,Road,1,26,39,0.6,2025,65
279,LAA,Road,2,18,47,0.723,2025,65
280,LAA,Road,3,16,49,0.754,2025,65
281,LAA,Road,4,16,49,0.754,2025,65
282,LAA,Road,5,21,44,0.677,2025,65
283,LAA,Road,6,13,52,0.8,2025,65
284,LAA,Road,7,18,47,0.723,2025,65
285,LAA,Road,8,15,50,0.769,2025,65
286,LAA,Road,9,15,50,0.769,2025,65
136,LAA,Total,1,48,86,0.642,2025,134
137,LAA,Total,2,32,102,0.761,2025,134
138,LAA,Total,3,30,104,0.776,2025,134
139,LAA,Total,4,37,97,0.724,2025,134
140,LAA,Total,5,41,93,0.694,2025,134
141,LAA,Total,6,31,103,0.769,2025,134
142,LAA,Total,7,36,98,0.731,2025,134
143,LAA,Total,8,31,103,0.769,2025,134
144,LAA,Total,9,23,86,0.789,2025,109
289,LAD,Home,1,27,42,0.609,2025,69
290,LAD,Home,2,23,46,0.667,2025,69
291,LAD,Home,3,20,49,0.71,2025,69
292,LAD,Home,4,19,50,0.725,2025,69
293,LAD,Home,5,19,50,0.725,2025,69
294,LAD,Home,6,27,42,0.609,2025,69
295,LAD,Home,7,20,49,0.71,2025,69
296,LAD,Home,8,21,48,0.696,2025,69
297,LAD,Home,9,9,24,0.727,2025,33
299,LAD,Road,1,21,45,0.682,2025,66
300,LAD,Road,2,18,48,0.727,2025,66
301,LAD,Road,3,15,51,0.773,2025,66
302,LAD,Road,4,16,50,0.758,2025,66
303,LAD,Road,5,18,48,0.727,2025,66
304,LAD,Road,6,22,44,0.667,2025,66
305,LAD,Road,7,21,45,0.682,2025,66
306,LAD,Road,8,14,52,0.788,2025,66
307,LAD,Road,9,19,47,0.712,2025,66
147,LAD,Total,1,48,87,0.644,2025,135
148,LAD,Total,2,41,94,0.696,2025,135
149,LAD,Total,3,35,100,0.741,2025,135
150,LAD,Total,4,35,100,0.741,2025,135
151,LAD,Total,5,37,98,0.726,2025,135
152,LAD,Total,6,49,86,0.637,2025,135
153,LAD,Total,7,41,94,0.696,2025,135
154,LAD,Total,8,35,100,0.741,2025,135
155,LAD,Total,9,28,71,0.717,2025,99
312,MIA,Home,1,19,49,0.721,2025,68
313,MIA,Home,2,19,49,0.721,2025,68
314,MIA,Home,3,14,54,0.794,2025,68
315,MIA,Home,4,13,55,0.809,2025,68
316,MIA,Home,5,21,47,0.691,2025,68
317,MIA,Home,6,19,49,0.721,2025,68
318,MIA,Home,7,19,49,0.721,2025,68
319,MIA,Home,8,13,55,0.809,2025,68
320,MIA,Home,9,9,36,0.8,2025,45
324,MIA,Road,1,17,50,0.746,2025,67
325,MIA,Road,2,13,54,0.806,2025,67
326,MIA,Road,3,18,49,0.731,2025,67
327,MIA,Road,4,16,51,0.761,2025,67
328,MIA,Road,5,22,45,0.672,2025,67
329,MIA,Road,6,15,52,0.776,2025,67
330,MIA,Road,7,21,46,0.687,2025,67
331,MIA,Road,8,21,46,0.687,2025,67
332,MIA,Road,9,13,54,0.806,2025,67
160,MIA,Total,1,36,99,0.733,2025,135
161,MIA,Total,2,32,103,0.763,2025,135
162,MIA,Total,3,32,103,0.763,2025,135
163,MIA,Total,4,29,106,0.785,2025,135
164,MIA,Total,5,43,92,0.681,2025,135
165,MIA,Total,6,34,101,0.748,2025,135
166,MIA,Total,7,40,95,0.704,2025,135
167,MIA,Total,8,34,101,0.748,2025,135
168,MIA,Total,9,22,90,0.804,2025,112
335,MIL,Home,1,11,58,0.841,2025,69
336,MIL,Home,2,17,52,0.754,2025,69
337,MIL,Home,3,25,44,0.638,2025,69
338,MIL,Home,4,27,42,0.609,2025,69
339,MIL,Home,5,23,46,0.667,2025,69
340,MIL,Home,6,15,54,0.783,2025,69
341,MIL,Home,7,15,54,0.783,2025,69
342,MIL,Home,8,17,52,0.754,2025,69
343,MIL,Home,9,7,27,0.794,2025,34
346,MIL,Road,1,19,48,0.716,2025,67
347,MIL,Road,2,22,45,0.672,2025,67
348,MIL,Road,3,17,50,0.746,2025,67
349,MIL,Road,4,23,44,0.657,2025,67
350,MIL,Road,5,18,49,0.731,2025,67
351,MIL,Road,6,25,42,0.627,2025,67
352,MIL,Road,7,15,52,0.776,2025,67
353,MIL,Road,8,21,46,0.687,2025,67
354,MIL,Road,9,18,49,0.731,2025,67
172,MIL,Total,1,30,106,0.779,2025,136
173,MIL,Total,2,39,97,0.713,2025,136
174,MIL,Total,3,42,94,0.691,2025,136
175,MIL,Total,4,50,86,0.632,2025,136
176,MIL,Total,5,41,95,0.699,2025,136
177,MIL,Total,6,40,96,0.706,2025,136
178,MIL,Total,7,30,106,0.779,2025,136
179,MIL,Total,8,38,98,0.721,2025,136
180,MIL,Total,9,25,76,0.752,2025,101
357,MIN,Home,1,17,48,0.738,2025,65
358,MIN,Home,2,17,48,0.738,2025,65
359,MIN,Home,3,18,47,0.723,2025,65
360,MIN,Home,4,18,47,0.723,2025,65
361,MIN,Home,5,20,45,0.692,2025,65
362,MIN,Home,6,23,42,0.646,2025,65
363,MIN,Home,7,13,52,0.8,2025,65
364,MIN,Home,8,10,54,0.844,2025,64
365,MIN,Home,9,5,34,0.872,2025,39
368,MIN,Road,1,20,49,0.71,2025,69
369,MIN,Road,2,16,53,0.768,2025,69
370,MIN,Road,3,11,58,0.841,2025,69
371,MIN,Road,4,26,43,0.623,2025,69
372,MIN,Road,5,16,53,0.768,2025,69
373,MIN,Road,6,23,46,0.667,2025,69
374,MIN,Road,7,19,49,0.721,2025,68
375,MIN,Road,8,15,53,0.779,2025,68
376,MIN,Road,9,20,48,0.706,2025,68
183,MIN,Total,1,37,97,0.724,2025,134
184,MIN,Total,2,33,101,0.754,2025,134
185,MIN,Total,3,29,105,0.784,2025,134
186,MIN,Total,4,44,90,0.672,2025,134
187,MIN,Total,5,36,98,0.731,2025,134
188,MIN,Total,6,46,88,0.657,2025,134
189,MIN,Total,7,32,101,0.759,2025,133
190,MIN,Total,8,25,107,0.811,2025,132
191,MIN,Total,9,25,82,0.766,2025,107
379,NYM,Home,1,25,45,0.643,2025,70
380,NYM,Home,2,20,50,0.714,2025,70
381,NYM,Home,3,25,45,0.643,2025,70
382,NYM,Home,4,20,50,0.714,2025,70
383,NYM,Home,5,20,50,0.714,2025,70
384,NYM,Home,6,16,54,0.771,2025,70
385,NYM,Home,7,18,52,0.743,2025,70
386,NYM,Home,8,26,44,0.629,2025,70
387,NYM,Home,9,7,25,0.781,2025,32
392,NYM,Road,1,15,50,0.769,2025,65
393,NYM,Road,2,18,47,0.723,2025,65
394,NYM,Road,3,21,44,0.677,2025,65
395,NYM,Road,4,13,52,0.8,2025,65
396,NYM,Road,5,20,45,0.692,2025,65
397,NYM,Road,6,16,49,0.754,2025,65
398,NYM,Road,7,15,50,0.769,2025,65
399,NYM,Road,8,17,48,0.738,2025,65
400,NYM,Road,9,20,45,0.692,2025,65
194,NYM,Total,1,40,95,0.704,2025,135
195,NYM,Total,2,38,97,0.719,2025,135
196,NYM,Total,3,46,89,0.659,2025,135
197,NYM,Total,4,33,102,0.756,2025,135
198,NYM,Total,5,40,95,0.704,2025,135
199,NYM,Total,6,32,103,0.763,2025,135
200,NYM,Total,7,33,102,0.756,2025,135
201,NYM,Total,8,43,92,0.681,2025,135
202,NYM,Total,9,27,70,0.722,2025,97
403,NYY,Home,1,23,46,0.667,2025,69
404,NYY,Home,2,22,47,0.681,2025,69
405,NYY,Home,3,23,46,0.667,2025,69
406,NYY,Home,4,19,50,0.725,2025,69
407,NYY,Home,5,19,50,0.725,2025,69
408,NYY,Home,6,19,49,0.721,2025,68
409,NYY,Home,7,19,49,0.721,2025,68
410,NYY,Home,8,20,48,0.706,2025,68
411,NYY,Home,9,6,25,0.806,2025,31
414,NYY,Road,1,28,38,0.576,2025,66
415,NYY,Road,2,16,50,0.758,2025,66
416,NYY,Road,3,15,51,0.773,2025,66
417,NYY,Road,4,21,45,0.682,2025,66
418,NYY,Road,5,22,44,0.667,2025,66
419,NYY,Road,6,18,48,0.727,2025,66
420,NYY,Road,7,27,39,0.591,2025,66
421,NYY,Road,8,19,47,0.712,2025,66
422,NYY,Road,9,20,46,0.697,2025,66
207,NYY,Total,1,51,84,0.622,2025,135
208,NYY,Total,2,38,97,0.719,2025,135
209,NYY,Total,3,38,97,0.719,2025,135
210,NYY,Total,4,40,95,0.704,2025,135
211,NYY,Total,5,41,94,0.696,2025,135
212,NYY,Total,6,37,97,0.724,2025,134
213,NYY,Total,7,46,88,0.657,2025,134
214,NYY,Total,8,39,95,0.709,2025,134
215,NYY,Total,9,26,71,0.732,2025,97
425,OAK,Home,1,24,43,0.642,2025,67
426,OAK,Home,2,19,48,0.716,2025,67
427,OAK,Home,3,26,41,0.612,2025,67
428,OAK,Home,4,15,52,0.776,2025,67
429,OAK,Home,5,21,46,0.687,2025,67
430,OAK,Home,6,13,54,0.806,2025,67
431,OAK,Home,7,19,48,0.716,2025,67
432,OAK,Home,8,16,51,0.761,2025,67
433,OAK,Home,9,10,35,0.778,2025,45
436,OAK,Road,1,20,49,0.71,2025,69
437,OAK,Road,2,17,52,0.754,2025,69
438,OAK,Road,3,15,54,0.783,2025,69
439,OAK,Road,4,25,44,0.638,2025,69
440,OAK,Road,5,19,50,0.725,2025,69
441,OAK,Road,6,25,44,0.638,2025,69
442,OAK,Road,7,13,56,0.812,2025,69
443,OAK,Road,8,17,52,0.754,2025,69
444,OAK,Road,9,23,46,0.667,2025,69
218,OAK,Total,1,44,92,0.676,2025,136
219,OAK,Total,2,36,100,0.735,2025,136
220,OAK,Total,3,41,95,0.699,2025,136
221,OAK,Total,4,40,96,0.706,2025,136
222,OAK,Total,5,40,96,0.706,2025,136
223,OAK,Total,6,38,98,0.721,2025,136
224,OAK,Total,7,32,104,0.765,2025,136
225,OAK,Total,8,33,103,0.757,2025,136
226,OAK,Total,9,33,81,0.711,2025,114
447,PHI,Home,1,26,40,0.606,2025,66
448,PHI,Home,2,17,49,0.742,2025,66
449,PHI,Home,3,16,50,0.758,2025,66
450,PHI,Home,4,28,38,0.576,2025,66
451,PHI,Home,5,21,45,0.682,2025,66
452,PHI,Home,6,16,50,0.758,2025,66
453,PHI,Home,7,25,41,0.621,2025,66
454,PHI,Home,8,29,37,0.561,2025,66
455,PHI,Home,9,5,20,0.8,2025,25
458,PHI,Road,1,18,51,0.739,2025,69
459,PHI,Road,2,13,56,0.812,2025,69
460,PHI,Road,3,15,54,0.783,2025,69
461,PHI,Road,4,17,52,0.754,2025,69
462,PHI,Road,5,15,54,0.783,2025,69
463,PHI,Road,6,13,56,0.812,2025,69
464,PHI,Road,7,16,53,0.768,2025,69
465,PHI,Road,8,17,52,0.754,2025,69
466,PHI,Road,9,16,53,0.768,2025,69
229,PHI,Total,1,44,91,0.674,2025,135
230,PHI,Total,2,30,105,0.778,2025,135
231,PHI,Total,3,31,104,0.77,2025,135
232,PHI,Total,4,45,90,0.667,2025,135
233,PHI,Total,5,36,99,0.733,2025,135
234,PHI,Total,6,29,106,0.785,2025,135
235,PHI,Total,7,41,94,0.696,2025,135
236,PHI,Total,8,46,89,0.659,2025,135
237,PHI,Total,9,21,73,0.777,2025,94
469,PIT,Home,1,19,50,0.725,2025,69
470,PIT,Home,2,19,50,0.725,2025,69
471,PIT,Home,3,20,49,0.71,2025,69
472,PIT,Home,4,17,52,0.754,2025,69
473,PIT,Home,5,16,53,0.768,2025,69
474,PIT,Home,6,13,56,0.812,2025,69
475,PIT,Home,7,19,50,0.725,2025,69
476,PIT,Home,8,17,52,0.754,2025,69
477,PIT,Home,9,7,29,0.806,2025,36
482,PIT,Road,1,16,51,0.761,2025,67
483,PIT,Road,2,12,55,0.821,2025,67
484,PIT,Road,3,10,57,0.851,2025,67
485,PIT,Road,4,12,55,0.821,2025,67
486,PIT,Road,5,21,46,0.687,2025,67
487,PIT,Road,6,18,49,0.731,2025,67
488,PIT,Road,7,12,55,0.821,2025,67
489,PIT,Road,8,11,56,0.836,2025,67
490,PIT,Road,9,11,56,0.836,2025,67
240,PIT,Total,1,35,101,0.743,2025,136
241,PIT,Total,2,31,105,0.772,2025,136
242,PIT,Total,3,30,106,0.779,2025,136
243,PIT,Total,4,29,107,0.787,2025,136
244,PIT,Total,5,37,99,0.728,2025,136
245,PIT,Total,6,31,105,0.772,2025,136
246,PIT,Total,7,31,105,0.772,2025,136
247,PIT,Total,8,28,108,0.794,2025,136
248,PIT,Total,9,18,85,0.825,2025,103
494,SD,Home,1,16,49,0.754,2025,65
495,SD,Home,2,16,49,0.754,2025,65
496,SD,Home,3,22,43,0.662,2025,65
497,SD,Home,4,18,47,0.723,2025,65
498,SD,Home,5,19,46,0.708,2025,65
499,SD,Home,6,19,46,0.708,2025,65
500,SD,Home,7,28,37,0.569,2025,65
501,SD,Home,8,16,49,0.754,2025,65
502,SD,Home,9,4,24,0.857,2025,28
505,SD,Road,1,19,51,0.729,2025,70
506,SD,Road,2,21,49,0.7,2025,70
507,SD,Road,3,19,51,0.729,2025,70
508,SD,Road,4,17,53,0.757,2025,70
509,SD,Road,5,14,56,0.8,2025,70
510,SD,Road,6,11,59,0.843,2025,70
511,SD,Road,7,22,48,0.686,2025,70
512,SD,Road,8,15,55,0.786,2025,70
513,SD,Road,9,17,53,0.757,2025,70
253,SD,Total,1,35,100,0.741,2025,135
254,SD,Total,2,37,98,0.726,2025,135
255,SD,Total,3,41,94,0.696,2025,135
256,SD,Total,4,35,100,0.741,2025,135
257,SD,Total,5,33,102,0.756,2025,135
258,SD,Total,6,30,105,0.778,2025,135
259,SD,Total,7,50,85,0.63,2025,135
260,SD,Total,8,31,104,0.77,2025,135
261,SD,Total,9,21,77,0.786,2025,98
516,SEA,Home,1,14,54,0.794,2025,68
517,SEA,Home,2,24,44,0.647,2025,68
518,SEA,Home,3,15,53,0.779,2025,68
519,SEA,Home,4,20,48,0.706,2025,68
520,SEA,Home,5,14,54,0.794,2025,68
521,SEA,Home,6,18,50,0.735,2025,68
522,SEA,Home,7,20,48,0.706,2025,68
523,SEA,Home,8,13,55,0.809,2025,68
524,SEA,Home,9,4,31,0.886,2025,35
528,SEA,Road,1,26,41,0.612,2025,67
529,SEA,Road,2,16,51,0.761,2025,67
530,SEA,Road,3,18,49,0.731,2025,67
531,SEA,Road,4,19,48,0.716,2025,67
532,SEA,Road,5,18,49,0.731,2025,67
533,SEA,Road,6,23,44,0.657,2025,67
534,SEA,Road,7,20,47,0.701,2025,67
535,SEA,Road,8,14,53,0.791,2025,67
536,SEA,Road,9,22,45,0.672,2025,67
264,SEA,Total,1,40,95,0.704,2025,135
265,SEA,Total,2,40,95,0.704,2025,135
266,SEA,Total,3,33,102,0.756,2025,135
267,SEA,Total,4,39,96,0.711,2025,135
268,SEA,Total,5,32,103,0.763,2025,135
269,SEA,Total,6,41,94,0.696,2025,135
270,SEA,Total,7,40,95,0.704,2025,135
271,SEA,Total,8,27,108,0.8,2025,135
272,SEA,Total,9,26,76,0.745,2025,102
540,SF,Home,1,19,48,0.716,2025,67
541,SF,Home,2,14,53,0.791,2025,67
542,SF,Home,3,15,52,0.776,2025,67
543,SF,Home,4,19,48,0.716,2025,67
544,SF,Home,5,19,48,0.716,2025,67
545,SF,Home,6,17,50,0.746,2025,67
546,SF,Home,7,11,56,0.836,2025,67
547,SF,Home,8,15,52,0.776,2025,67
548,SF,Home,9,5,38,0.884,2025,43
551,SF,Road,1,21,47,0.691,2025,68
552,SF,Road,2,18,50,0.735,2025,68
553,SF,Road,3,15,53,0.779,2025,68
554,SF,Road,4,17,51,0.75,2025,68
555,SF,Road,5,21,47,0.691,2025,68
556,SF,Road,6,19,49,0.721,2025,68
557,SF,Road,7,14,53,0.791,2025,67
558,SF,Road,8,15,52,0.776,2025,67
559,SF,Road,9,16,51,0.761,2025,67
276,SF,Total,1,40,95,0.704,2025,135
277,SF,Total,2,32,103,0.763,2025,135
278,SF,Total,3,30,105,0.778,2025,135
279,SF,Total,4,36,99,0.733,2025,135
280,SF,Total,5,40,95,0.704,2025,135
281,SF,Total,6,36,99,0.733,2025,135
282,SF,Total,7,25,109,0.813,2025,134
283,SF,Total,8,30,104,0.776,2025,134
284,SF,Total,9,21,89,0.809,2025,110
562,STL,Home,1,15,54,0.783,2025,69
563,STL,Home,2,21,48,0.696,2025,69
564,STL,Home,3,20,49,0.71,2025,69
565,STL,Home,4,17,52,0.754,2025,69
566,STL,Home,5,16,53,0.768,2025,69
567,STL,Home,6,26,43,0.623,2025,69
568,STL,Home,7,18,51,0.739,2025,69
569,STL,Home,8,15,54,0.783,2025,69
570,STL,Home,9,3,34,0.919,2025,37
573,STL,Road,1,17,50,0.746,2025,67
574,STL,Road,2,15,52,0.776,2025,67
575,STL,Road,3,14,53,0.791,2025,67
576,STL,Road,4,20,47,0.701,2025,67
577,STL,Road,5,16,51,0.761,2025,67
578,STL,Road,6,19,48,0.716,2025,67
579,STL,Road,7,18,49,0.731,2025,67
580,STL,Road,8,21,46,0.687,2025,67
581,STL,Road,9,25,42,0.627,2025,67
287,STL,Total,1,32,104,0.765,2025,136
288,STL,Total,2,36,100,0.735,2025,136
289,STL,Total,3,34,102,0.75,2025,136
290,STL,Total,4,37,99,0.728,2025,136
291,STL,Total,5,32,104,0.765,2025,136
292,STL,Total,6,45,91,0.669,2025,136
293,STL,Total,7,36,100,0.735,2025,136
294,STL,Total,8,36,100,0.735,2025,136
295,STL,Total,9,28,76,0.731,2025,104
586,TB,Home,1,22,45,0.672,2025,67
587,TB,Home,2,14,53,0.791,2025,67
588,TB,Home,3,21,46,0.687,2025,67
589,TB,Home,4,27,40,0.597,2025,67
590,TB,Home,5,12,55,0.821,2025,67
591,TB,Home,6,17,50,0.746,2025,67
592,TB,Home,7,16,51,0.761,2025,67
593,TB,Home,8,20,47,0.701,2025,67
594,TB,Home,9,8,30,0.789,2025,38
596,TB,Road,1,15,52,0.776,2025,67
597,TB,Road,2,16,51,0.761,2025,67
598,TB,Road,3,23,44,0.657,2025,67
599,TB,Road,4,24,43,0.642,2025,67
600,TB,Road,5,18,49,0.731,2025,67
601,TB,Road,6,13,54,0.806,2025,67
602,TB,Road,7,16,51,0.761,2025,67
603,TB,Road,8,12,55,0.821,2025,67
604,TB,Road,9,15,52,0.776,2025,67
300,TB,Total,1,37,97,0.724,2025,134
301,TB,Total,2,30,104,0.776,2025,134
302,TB,Total,3,44,90,0.672,2025,134
303,TB,Total,4,51,83,0.619,2025,134
304,TB,Total,5,30,104,0.776,2025,134
305,TB,Total,6,30,104,0.776,2025,134
306,TB,Total,7,32,102,0.761,2025,134
307,TB,Total,8,32,102,0.761,2025,134
308,TB,Total,9,23,82,0.781,2025,105
607,TEX,Home,1,17,52,0.754,2025,69
608,TEX,Home,2,19,50,0.725,2025,69
609,TEX,Home,3,20,49,0.71,2025,69
610,TEX,Home,4,17,52,0.754,2025,69
611,TEX,Home,5,15,54,0.783,2025,69
612,TEX,Home,6,19,50,0.725,2025,69
613,TEX,Home,7,18,51,0.739,2025,69
614,TEX,Home,8,13,56,0.812,2025,69
615,TEX,Home,9,6,29,0.829,2025,35
619,TEX,Road,1,20,47,0.701,2025,67
620,TEX,Road,2,15,52,0.776,2025,67
621,TEX,Road,3,23,44,0.657,2025,67
622,TEX,Road,4,20,47,0.701,2025,67
623,TEX,Road,5,20,47,0.701,2025,67
624,TEX,Road,6,19,48,0.716,2025,67
625,TEX,Road,7,13,54,0.806,2025,67
626,TEX,Road,8,19,48,0.716,2025,67
627,TEX,Road,9,13,54,0.806,2025,67
311,TEX,Total,1,37,99,0.728,2025,136
312,TEX,Total,2,34,102,0.75,2025,136
313,TEX,Total,3,43,93,0.684,2025,136
314,TEX,Total,4,37,99,0.728,2025,136
315,TEX,Total,5,35,101,0.743,2025,136
316,TEX,Total,6,38,98,0.721,2025,136
317,TEX,Total,7,31,105,0.772,2025,136
318,TEX,Total,8,32,104,0.765,2025,136
319,TEX,Total,9,19,83,0.814,2025,102
630,TOR,Home,1,20,47,0.701,2025,67
631,TOR,Home,2,17,50,0.746,2025,67
632,TOR,Home,3,24,43,0.642,2025,67
633,TOR,Home,4,16,51,0.761,2025,67
634,TOR,Home,5,22,45,0.672,2025,67
635,TOR,Home,6,24,43,0.642,2025,67
636,TOR,Home,7,22,45,0.672,2025,67
637,TOR,Home,8,23,44,0.657,2025,67
638,TOR,Home,9,6,24,0.8,2025,30
642,TOR,Road,1,17,51,0.75,2025,68
643,TOR,Road,2,15,53,0.779,2025,68
644,TOR,Road,3,21,47,0.691,2025,68
645,TOR,Road,4,16,52,0.765,2025,68
646,TOR,Road,5,19,49,0.721,2025,68
647,TOR,Road,6,20,48,0.706,2025,68
648,TOR,Road,7,17,51,0.75,2025,68
649,TOR,Road,8,17,50,0.746,2025,67
650,TOR,Road,9,14,53,0.791,2025,67
323,TOR,Total,1,37,98,0.726,2025,135
324,TOR,Total,2,32,103,0.763,2025,135
325,TOR,Total,3,45,90,0.667,2025,135
326,TOR,Total,4,32,103,0.763,2025,135
327,TOR,Total,5,41,94,0.696,2025,135
328,TOR,Total,6,44,91,0.674,2025,135
329,TOR,Total,7,39,96,0.711,2025,135
330,TOR,Total,8,40,94,0.701,2025,134
331,TOR,Total,9,20,77,0.794,2025,97
654,WSH,Home,1,20,46,0.697,2025,66
655,WSH,Home,2,15,51,0.773,2025,66
656,WSH,Home,3,15,51,0.773,2025,66
657,WSH,Home,4,16,50,0.758,2025,66
658,WSH,Home,5,13,53,0.803,2025,66
659,WSH,Home,6,17,49,0.742,2025,66
660,WSH,Home,7,14,52,0.788,2025,66
661,WSH,Home,8,13,53,0.803,2025,66
662,WSH,Home,9,13,32,0.711,2025,45
665,WSH,Road,1,17,51,0.75,2025,68
666,WSH,Road,2,14,54,0.794,2025,68
667,WSH,Road,3,11,57,0.838,2025,68
668,WSH,Road,4,20,48,0.706,2025,68
669,WSH,Road,5,16,52,0.765,2025,68
670,WSH,Road,6,22,46,0.676,2025,68
671,WSH,Road,7,21,47,0.691,2025,68
672,WSH,Road,8,18,50,0.735,2025,68
673,WSH,Road,9,22,46,0.676,2025,68
335,WSH,Total,1,37,97,0.724,2025,134
336,WSH,Total,2,29,105,0.784,2025,134
337,WSH,Total,3,26,108,0.806,2025,134
338,WSH,Total,4,36,98,0.731,2025,134
339,WSH,Total,5,29,105,0.784,2025,134
340,WSH,Total,6,39,95,0.709,2025,134
341,WSH,Total,7,35,99,0.739,2025,134
342,WSH,Total,8,31,103,0.769,2025,134
343,WSH,Total,9,35,78,0.69,2025,113
