,BatterTeam,Split,inning,YRA,NRA,NRA%,Year,Apps
0,ARI,Home,1,26,36,0.581,2025,62
1,ARI,Home,2,17,45,0.726,2025,62
2,ARI,Home,3,22,40,0.645,2025,62
3,ARI,Home,4,23,39,0.629,2025,62
4,ARI,Home,5,27,35,0.565,2025,62
5,ARI,Home,6,14,48,0.774,2025,62
6,ARI,Home,7,15,47,0.758,2025,62
7,ARI,Home,8,20,42,0.677,2025,62
8,ARI,Home,9,11,24,0.686,2025,35
11,ARI,Road,1,18,47,0.723,2025,65
12,ARI,Road,2,22,43,0.662,2025,65
13,ARI,Road,3,22,43,0.662,2025,65
14,ARI,Road,4,20,45,0.692,2025,65
15,ARI,Road,5,21,44,0.677,2025,65
16,ARI,Road,6,13,52,0.8,2025,65
17,ARI,Road,7,18,47,0.723,2025,65
18,ARI,Road,8,15,50,0.769,2025,65
19,ARI,Road,9,20,45,0.692,2025,65
0,ARI,Total,1,44,83,0.654,2025,127
1,ARI,Total,2,39,88,0.693,2025,127
2,ARI,Total,3,44,83,0.654,2025,127
3,ARI,Total,4,43,84,0.661,2025,127
4,ARI,Total,5,48,79,0.622,2025,127
5,ARI,Total,6,27,100,0.787,2025,127
6,ARI,Total,7,33,94,0.74,2025,127
7,ARI,Total,8,35,92,0.724,2025,127
8,ARI,Total,9,31,69,0.69,2025,100
22,ATL,Home,1,20,42,0.677,2025,62
23,ATL,Home,2,10,52,0.839,2025,62
24,ATL,Home,3,16,46,0.742,2025,62
25,ATL,Home,4,15,47,0.758,2025,62
26,ATL,Home,5,18,44,0.71,2025,62
27,ATL,Home,6,21,41,0.661,2025,62
28,ATL,Home,7,16,46,0.742,2025,62
29,ATL,Home,8,13,49,0.79,2025,62
30,ATL,Home,9,8,28,0.778,2025,36
33,ATL,Road,1,16,48,0.75,2025,64
34,ATL,Road,2,18,46,0.719,2025,64
35,ATL,Road,3,14,50,0.781,2025,64
36,ATL,Road,4,21,43,0.672,2025,64
37,ATL,Road,5,14,50,0.781,2025,64
38,ATL,Road,6,17,47,0.734,2025,64
39,ATL,Road,7,15,49,0.766,2025,64
40,ATL,Road,8,18,46,0.719,2025,64
41,ATL,Road,9,17,47,0.734,2025,64
11,ATL,Total,1,36,90,0.714,2025,126
12,ATL,Total,2,28,98,0.778,2025,126
13,ATL,Total,3,30,96,0.762,2025,126
14,ATL,Total,4,36,90,0.714,2025,126
15,ATL,Total,5,32,94,0.746,2025,126
16,ATL,Total,6,38,88,0.698,2025,126
17,ATL,Total,7,31,95,0.754,2025,126
18,ATL,Total,8,31,95,0.754,2025,126
19,ATL,Total,9,25,75,0.75,2025,100
44,BAL,Home,1,16,44,0.733,2025,60
45,BAL,Home,2,17,43,0.717,2025,60
46,BAL,Home,3,21,39,0.65,2025,60
47,BAL,Home,4,10,50,0.833,2025,60
48,BAL,Home,5,16,44,0.733,2025,60
49,BAL,Home,6,17,43,0.717,2025,60
50,BAL,Home,7,21,39,0.65,2025,60
51,BAL,Home,8,18,42,0.7,2025,60
52,BAL,Home,9,5,26,0.839,2025,31
54,BAL,Road,1,16,50,0.758,2025,66
55,BAL,Road,2,10,56,0.848,2025,66
56,BAL,Road,3,19,47,0.712,2025,66
57,BAL,Road,4,17,49,0.742,2025,66
58,BAL,Road,5,17,49,0.742,2025,66
59,BAL,Road,6,15,51,0.773,2025,66
60,BAL,Road,7,18,48,0.727,2025,66
61,BAL,Road,8,12,54,0.818,2025,66
62,BAL,Road,9,10,56,0.848,2025,66
22,BAL,Total,1,32,94,0.746,2025,126
23,BAL,Total,2,27,99,0.786,2025,126
24,BAL,Total,3,40,86,0.683,2025,126
25,BAL,Total,4,27,99,0.786,2025,126
26,BAL,Total,5,33,93,0.738,2025,126
27,BAL,Total,6,32,94,0.746,2025,126
28,BAL,Total,7,39,87,0.69,2025,126
29,BAL,Total,8,30,96,0.762,2025,126
30,BAL,Total,9,15,82,0.845,2025,97
66,BOS,Home,1,23,43,0.652,2025,66
67,BOS,Home,2,15,51,0.773,2025,66
68,BOS,Home,3,21,45,0.682,2025,66
69,BOS,Home,4,16,50,0.758,2025,66
70,BOS,Home,5,21,45,0.682,2025,66
71,BOS,Home,6,20,46,0.697,2025,66
72,BOS,Home,7,24,42,0.636,2025,66
73,BOS,Home,8,19,47,0.712,2025,66
74,BOS,Home,9,7,28,0.8,2025,35
77,BOS,Road,1,17,44,0.721,2025,61
78,BOS,Road,2,16,45,0.738,2025,61
79,BOS,Road,3,19,42,0.689,2025,61
80,BOS,Road,4,16,45,0.738,2025,61
81,BOS,Road,5,17,44,0.721,2025,61
82,BOS,Road,6,18,43,0.705,2025,61
83,BOS,Road,7,14,47,0.77,2025,61
84,BOS,Road,8,11,50,0.82,2025,61
85,BOS,Road,9,19,42,0.689,2025,61
34,BOS,Total,1,40,87,0.685,2025,127
35,BOS,Total,2,31,96,0.756,2025,127
36,BOS,Total,3,40,87,0.685,2025,127
37,BOS,Total,4,32,95,0.748,2025,127
38,BOS,Total,5,38,89,0.701,2025,127
39,BOS,Total,6,38,89,0.701,2025,127
40,BOS,Total,7,38,89,0.701,2025,127
41,BOS,Total,8,30,97,0.764,2025,127
42,BOS,Total,9,26,70,0.729,2025,96
89,CHC,Home,1,19,45,0.703,2025,64
90,CHC,Home,2,26,38,0.594,2025,64
91,CHC,Home,3,18,46,0.719,2025,64
92,CHC,Home,4,16,48,0.75,2025,64
93,CHC,Home,5,22,42,0.656,2025,64
94,CHC,Home,6,15,49,0.766,2025,64
95,CHC,Home,7,16,48,0.75,2025,64
96,CHC,Home,8,18,46,0.719,2025,64
97,CHC,Home,9,4,26,0.867,2025,30
100,CHC,Road,1,19,43,0.694,2025,62
101,CHC,Road,2,15,47,0.758,2025,62
102,CHC,Road,3,14,48,0.774,2025,62
103,CHC,Road,4,21,41,0.661,2025,62
104,CHC,Road,5,16,46,0.742,2025,62
105,CHC,Road,6,20,42,0.677,2025,62
106,CHC,Road,7,23,39,0.629,2025,62
107,CHC,Road,8,22,40,0.645,2025,62
108,CHC,Road,9,15,47,0.758,2025,62
46,CHC,Total,1,38,88,0.698,2025,126
47,CHC,Total,2,41,85,0.675,2025,126
48,CHC,Total,3,32,94,0.746,2025,126
49,CHC,Total,4,37,89,0.706,2025,126
50,CHC,Total,5,38,88,0.698,2025,126
51,CHC,Total,6,35,91,0.722,2025,126
52,CHC,Total,7,39,87,0.69,2025,126
53,CHC,Total,8,40,86,0.683,2025,126
54,CHC,Total,9,19,73,0.793,2025,92
111,CIN,Home,1,26,39,0.6,2025,65
112,CIN,Home,2,15,50,0.769,2025,65
113,CIN,Home,3,18,47,0.723,2025,65
114,CIN,Home,4,17,48,0.738,2025,65
115,CIN,Home,5,15,50,0.769,2025,65
116,CIN,Home,6,21,44,0.677,2025,65
117,CIN,Home,7,19,45,0.703,2025,64
118,CIN,Home,8,10,54,0.844,2025,64
119,CIN,Home,9,8,26,0.765,2025,34
122,CIN,Road,1,13,49,0.79,2025,62
123,CIN,Road,2,10,52,0.839,2025,62
124,CIN,Road,3,18,44,0.71,2025,62
125,CIN,Road,4,21,41,0.661,2025,62
126,CIN,Road,5,22,40,0.645,2025,62
127,CIN,Road,6,19,43,0.694,2025,62
128,CIN,Road,7,11,51,0.823,2025,62
129,CIN,Road,8,21,41,0.661,2025,62
130,CIN,Road,9,20,42,0.677,2025,62
57,CIN,Total,1,39,88,0.693,2025,127
58,CIN,Total,2,25,102,0.803,2025,127
59,CIN,Total,3,36,91,0.717,2025,127
60,CIN,Total,4,38,89,0.701,2025,127
61,CIN,Total,5,37,90,0.709,2025,127
62,CIN,Total,6,40,87,0.685,2025,127
63,CIN,Total,7,30,96,0.762,2025,126
64,CIN,Total,8,31,95,0.754,2025,126
65,CIN,Total,9,28,68,0.708,2025,96
133,CLE,Home,1,20,42,0.677,2025,62
134,CLE,Home,2,9,53,0.855,2025,62
135,CLE,Home,3,16,46,0.742,2025,62
136,CLE,Home,4,23,39,0.629,2025,62
137,CLE,Home,5,12,50,0.806,2025,62
138,CLE,Home,6,17,45,0.726,2025,62
139,CLE,Home,7,14,48,0.774,2025,62
140,CLE,Home,8,12,50,0.806,2025,62
141,CLE,Home,9,6,30,0.833,2025,36
143,CLE,Road,1,15,48,0.762,2025,63
144,CLE,Road,2,11,52,0.825,2025,63
145,CLE,Road,3,20,43,0.683,2025,63
146,CLE,Road,4,20,43,0.683,2025,63
147,CLE,Road,5,15,48,0.762,2025,63
148,CLE,Road,6,19,44,0.698,2025,63
149,CLE,Road,7,16,47,0.746,2025,63
150,CLE,Road,8,13,50,0.794,2025,63
151,CLE,Road,9,13,50,0.794,2025,63
68,CLE,Total,1,35,90,0.72,2025,125
69,CLE,Total,2,20,105,0.84,2025,125
70,CLE,Total,3,36,89,0.712,2025,125
71,CLE,Total,4,43,82,0.656,2025,125
72,CLE,Total,5,27,98,0.784,2025,125
73,CLE,Total,6,36,89,0.712,2025,125
74,CLE,Total,7,30,95,0.76,2025,125
75,CLE,Total,8,25,100,0.8,2025,125
76,CLE,Total,9,19,80,0.808,2025,99
154,COL,Home,1,21,43,0.672,2025,64
155,COL,Home,2,19,45,0.703,2025,64
156,COL,Home,3,25,39,0.609,2025,64
157,COL,Home,4,20,44,0.688,2025,64
158,COL,Home,5,20,44,0.688,2025,64
159,COL,Home,6,14,50,0.781,2025,64
160,COL,Home,7,13,51,0.797,2025,64
161,COL,Home,8,20,44,0.688,2025,64
162,COL,Home,9,14,33,0.702,2025,47
165,COL,Road,1,9,53,0.855,2025,62
166,COL,Road,2,9,53,0.855,2025,62
167,COL,Road,3,15,47,0.758,2025,62
168,COL,Road,4,11,51,0.823,2025,62
169,COL,Road,5,14,48,0.774,2025,62
170,COL,Road,6,16,46,0.742,2025,62
171,COL,Road,7,18,44,0.71,2025,62
172,COL,Road,8,14,48,0.774,2025,62
173,COL,Road,9,11,51,0.823,2025,62
79,COL,Total,1,30,96,0.762,2025,126
80,COL,Total,2,28,98,0.778,2025,126
81,COL,Total,3,40,86,0.683,2025,126
82,COL,Total,4,31,95,0.754,2025,126
83,COL,Total,5,34,92,0.73,2025,126
84,COL,Total,6,30,96,0.762,2025,126
85,COL,Total,7,31,95,0.754,2025,126
86,COL,Total,8,34,92,0.73,2025,126
87,COL,Total,9,25,84,0.771,2025,109
176,CWS,Home,1,17,45,0.726,2025,62
177,CWS,Home,2,16,46,0.742,2025,62
178,CWS,Home,3,12,50,0.806,2025,62
179,CWS,Home,4,16,46,0.742,2025,62
180,CWS,Home,5,13,49,0.79,2025,62
181,CWS,Home,6,17,45,0.726,2025,62
182,CWS,Home,7,14,46,0.767,2025,60
183,CWS,Home,8,18,42,0.7,2025,60
184,CWS,Home,9,5,33,0.868,2025,38
187,CWS,Road,1,20,44,0.688,2025,64
188,CWS,Road,2,14,50,0.781,2025,64
189,CWS,Road,3,13,51,0.797,2025,64
190,CWS,Road,4,19,45,0.703,2025,64
191,CWS,Road,5,14,50,0.781,2025,64
192,CWS,Road,6,18,46,0.719,2025,64
193,CWS,Road,7,15,49,0.766,2025,64
194,CWS,Road,8,13,50,0.794,2025,63
195,CWS,Road,9,14,49,0.778,2025,63
90,CWS,Total,1,37,89,0.706,2025,126
91,CWS,Total,2,30,96,0.762,2025,126
92,CWS,Total,3,25,101,0.802,2025,126
93,CWS,Total,4,35,91,0.722,2025,126
94,CWS,Total,5,27,99,0.786,2025,126
95,CWS,Total,6,35,91,0.722,2025,126
96,CWS,Total,7,29,95,0.766,2025,124
97,CWS,Total,8,31,92,0.748,2025,123
98,CWS,Total,9,19,82,0.812,2025,101
198,DET,Home,1,19,46,0.708,2025,65
199,DET,Home,2,21,44,0.677,2025,65
200,DET,Home,3,18,47,0.723,2025,65
201,DET,Home,4,24,41,0.631,2025,65
202,DET,Home,5,26,39,0.6,2025,65
203,DET,Home,6,18,47,0.723,2025,65
204,DET,Home,7,21,44,0.677,2025,65
205,DET,Home,8,13,52,0.8,2025,65
206,DET,Home,9,5,23,0.821,2025,28
209,DET,Road,1,16,47,0.746,2025,63
210,DET,Road,2,15,48,0.762,2025,63
211,DET,Road,3,20,43,0.683,2025,63
212,DET,Road,4,18,45,0.714,2025,63
213,DET,Road,5,9,54,0.857,2025,63
214,DET,Road,6,10,53,0.841,2025,63
215,DET,Road,7,18,45,0.714,2025,63
216,DET,Road,8,20,43,0.683,2025,63
217,DET,Road,9,15,48,0.762,2025,63
101,DET,Total,1,35,93,0.727,2025,128
102,DET,Total,2,36,92,0.719,2025,128
103,DET,Total,3,38,90,0.703,2025,128
104,DET,Total,4,42,86,0.672,2025,128
105,DET,Total,5,35,93,0.727,2025,128
106,DET,Total,6,28,100,0.781,2025,128
107,DET,Total,7,39,89,0.695,2025,128
108,DET,Total,8,33,95,0.742,2025,128
109,DET,Total,9,20,71,0.78,2025,91
220,HOU,Home,1,15,50,0.769,2025,65
221,HOU,Home,2,12,53,0.815,2025,65
222,HOU,Home,3,18,47,0.723,2025,65
223,HOU,Home,4,17,48,0.738,2025,65
224,HOU,Home,5,20,45,0.692,2025,65
225,HOU,Home,6,20,45,0.692,2025,65
226,HOU,Home,7,13,52,0.8,2025,65
227,HOU,Home,8,17,48,0.738,2025,65
228,HOU,Home,9,5,29,0.853,2025,34
232,HOU,Road,1,17,44,0.721,2025,61
233,HOU,Road,2,12,49,0.803,2025,61
234,HOU,Road,3,12,49,0.803,2025,61
235,HOU,Road,4,12,49,0.803,2025,61
236,HOU,Road,5,16,45,0.738,2025,61
237,HOU,Road,6,19,42,0.689,2025,61
238,HOU,Road,7,15,46,0.754,2025,61
239,HOU,Road,8,17,43,0.717,2025,60
240,HOU,Road,9,12,48,0.8,2025,60
112,HOU,Total,1,32,94,0.746,2025,126
113,HOU,Total,2,24,102,0.81,2025,126
114,HOU,Total,3,30,96,0.762,2025,126
115,HOU,Total,4,29,97,0.77,2025,126
116,HOU,Total,5,36,90,0.714,2025,126
117,HOU,Total,6,39,87,0.69,2025,126
118,HOU,Total,7,28,98,0.778,2025,126
119,HOU,Total,8,34,91,0.728,2025,125
120,HOU,Total,9,17,77,0.819,2025,94
244,KC,Home,1,21,43,0.672,2025,64
245,KC,Home,2,14,50,0.781,2025,64
246,KC,Home,3,13,51,0.797,2025,64
247,KC,Home,4,13,51,0.797,2025,64
248,KC,Home,5,16,48,0.75,2025,64
249,KC,Home,6,17,47,0.734,2025,64
250,KC,Home,7,15,49,0.766,2025,64
251,KC,Home,8,17,47,0.734,2025,64
252,KC,Home,9,10,26,0.722,2025,36
256,KC,Road,1,19,43,0.694,2025,62
257,KC,Road,2,14,48,0.774,2025,62
258,KC,Road,3,14,48,0.774,2025,62
259,KC,Road,4,19,43,0.694,2025,62
260,KC,Road,5,21,41,0.661,2025,62
261,KC,Road,6,9,53,0.855,2025,62
262,KC,Road,7,11,51,0.823,2025,62
263,KC,Road,8,18,44,0.71,2025,62
264,KC,Road,9,13,49,0.79,2025,62
124,KC,Total,1,40,86,0.683,2025,126
125,KC,Total,2,28,98,0.778,2025,126
126,KC,Total,3,27,99,0.786,2025,126
127,KC,Total,4,32,94,0.746,2025,126
128,KC,Total,5,37,89,0.706,2025,126
129,KC,Total,6,26,100,0.794,2025,126
130,KC,Total,7,26,100,0.794,2025,126
131,KC,Total,8,35,91,0.722,2025,126
132,KC,Total,9,23,75,0.765,2025,98
267,LAA,Home,1,21,44,0.677,2025,65
268,LAA,Home,2,14,51,0.785,2025,65
269,LAA,Home,3,14,51,0.785,2025,65
270,LAA,Home,4,20,45,0.692,2025,65
271,LAA,Home,5,19,46,0.708,2025,65
272,LAA,Home,6,17,48,0.738,2025,65
273,LAA,Home,7,16,49,0.754,2025,65
274,LAA,Home,8,15,50,0.769,2025,65
275,LAA,Home,9,8,33,0.805,2025,41
278,LAA,Road,1,24,37,0.607,2025,61
279,LAA,Road,2,18,43,0.705,2025,61
280,LAA,Road,3,16,45,0.738,2025,61
281,LAA,Road,4,15,46,0.754,2025,61
282,LAA,Road,5,20,41,0.672,2025,61
283,LAA,Road,6,12,49,0.803,2025,61
284,LAA,Road,7,17,44,0.721,2025,61
285,LAA,Road,8,15,46,0.754,2025,61
286,LAA,Road,9,13,48,0.787,2025,61
136,LAA,Total,1,45,81,0.643,2025,126
137,LAA,Total,2,32,94,0.746,2025,126
138,LAA,Total,3,30,96,0.762,2025,126
139,LAA,Total,4,35,91,0.722,2025,126
140,LAA,Total,5,39,87,0.69,2025,126
141,LAA,Total,6,29,97,0.77,2025,126
142,LAA,Total,7,33,93,0.738,2025,126
143,LAA,Total,8,30,96,0.762,2025,126
144,LAA,Total,9,21,81,0.794,2025,102
289,LAD,Home,1,26,39,0.6,2025,65
290,LAD,Home,2,23,42,0.646,2025,65
291,LAD,Home,3,19,46,0.708,2025,65
292,LAD,Home,4,17,48,0.738,2025,65
293,LAD,Home,5,18,47,0.723,2025,65
294,LAD,Home,6,25,40,0.615,2025,65
295,LAD,Home,7,19,46,0.708,2025,65
296,LAD,Home,8,19,46,0.708,2025,65
297,LAD,Home,9,9,23,0.719,2025,32
299,LAD,Road,1,19,42,0.689,2025,61
300,LAD,Road,2,17,44,0.721,2025,61
301,LAD,Road,3,13,48,0.787,2025,61
302,LAD,Road,4,15,46,0.754,2025,61
303,LAD,Road,5,17,44,0.721,2025,61
304,LAD,Road,6,20,41,0.672,2025,61
305,LAD,Road,7,20,41,0.672,2025,61
306,LAD,Road,8,12,49,0.803,2025,61
307,LAD,Road,9,17,44,0.721,2025,61
147,LAD,Total,1,45,81,0.643,2025,126
148,LAD,Total,2,40,86,0.683,2025,126
149,LAD,Total,3,32,94,0.746,2025,126
150,LAD,Total,4,32,94,0.746,2025,126
151,LAD,Total,5,35,91,0.722,2025,126
152,LAD,Total,6,45,81,0.643,2025,126
153,LAD,Total,7,39,87,0.69,2025,126
154,LAD,Total,8,31,95,0.754,2025,126
155,LAD,Total,9,26,67,0.72,2025,93
312,MIA,Home,1,18,43,0.705,2025,61
313,MIA,Home,2,17,44,0.721,2025,61
314,MIA,Home,3,12,49,0.803,2025,61
315,MIA,Home,4,13,48,0.787,2025,61
316,MIA,Home,5,18,43,0.705,2025,61
317,MIA,Home,6,18,43,0.705,2025,61
318,MIA,Home,7,16,45,0.738,2025,61
319,MIA,Home,8,10,51,0.836,2025,61
320,MIA,Home,9,8,33,0.805,2025,41
324,MIA,Road,1,16,49,0.754,2025,65
325,MIA,Road,2,13,52,0.8,2025,65
326,MIA,Road,3,17,48,0.738,2025,65
327,MIA,Road,4,16,49,0.754,2025,65
328,MIA,Road,5,21,44,0.677,2025,65
329,MIA,Road,6,15,50,0.769,2025,65
330,MIA,Road,7,20,45,0.692,2025,65
331,MIA,Road,8,20,45,0.692,2025,65
332,MIA,Road,9,12,53,0.815,2025,65
160,MIA,Total,1,34,92,0.73,2025,126
161,MIA,Total,2,30,96,0.762,2025,126
162,MIA,Total,3,29,97,0.77,2025,126
163,MIA,Total,4,29,97,0.77,2025,126
164,MIA,Total,5,39,87,0.69,2025,126
165,MIA,Total,6,33,93,0.738,2025,126
166,MIA,Total,7,36,90,0.714,2025,126
167,MIA,Total,8,30,96,0.762,2025,126
168,MIA,Total,9,20,86,0.811,2025,106
335,MIL,Home,1,9,53,0.855,2025,62
336,MIL,Home,2,13,49,0.79,2025,62
337,MIL,Home,3,21,41,0.661,2025,62
338,MIL,Home,4,25,37,0.597,2025,62
339,MIL,Home,5,22,40,0.645,2025,62
340,MIL,Home,6,14,48,0.774,2025,62
341,MIL,Home,7,14,48,0.774,2025,62
342,MIL,Home,8,15,47,0.758,2025,62
343,MIL,Home,9,7,21,0.75,2025,28
346,MIL,Road,1,19,45,0.703,2025,64
347,MIL,Road,2,20,44,0.688,2025,64
348,MIL,Road,3,17,47,0.734,2025,64
349,MIL,Road,4,23,41,0.641,2025,64
350,MIL,Road,5,18,46,0.719,2025,64
351,MIL,Road,6,23,41,0.641,2025,64
352,MIL,Road,7,14,50,0.781,2025,64
353,MIL,Road,8,20,44,0.688,2025,64
354,MIL,Road,9,17,47,0.734,2025,64
172,MIL,Total,1,28,98,0.778,2025,126
173,MIL,Total,2,33,93,0.738,2025,126
174,MIL,Total,3,38,88,0.698,2025,126
175,MIL,Total,4,48,78,0.619,2025,126
176,MIL,Total,5,40,86,0.683,2025,126
177,MIL,Total,6,37,89,0.706,2025,126
178,MIL,Total,7,28,98,0.778,2025,126
179,MIL,Total,8,35,91,0.722,2025,126
180,MIL,Total,9,24,68,0.739,2025,92
357,MIN,Home,1,17,45,0.726,2025,62
358,MIN,Home,2,17,45,0.726,2025,62
359,MIN,Home,3,17,45,0.726,2025,62
360,MIN,Home,4,16,46,0.742,2025,62
361,MIN,Home,5,18,44,0.71,2025,62
362,MIN,Home,6,23,39,0.629,2025,62
363,MIN,Home,7,13,49,0.79,2025,62
364,MIN,Home,8,10,51,0.836,2025,61
365,MIN,Home,9,4,33,0.892,2025,37
368,MIN,Road,1,19,44,0.698,2025,63
369,MIN,Road,2,15,48,0.762,2025,63
370,MIN,Road,3,10,53,0.841,2025,63
371,MIN,Road,4,22,41,0.651,2025,63
372,MIN,Road,5,15,48,0.762,2025,63
373,MIN,Road,6,20,43,0.683,2025,63
374,MIN,Road,7,16,46,0.742,2025,62
375,MIN,Road,8,15,47,0.758,2025,62
376,MIN,Road,9,18,44,0.71,2025,62
183,MIN,Total,1,36,89,0.712,2025,125
184,MIN,Total,2,32,93,0.744,2025,125
185,MIN,Total,3,27,98,0.784,2025,125
186,MIN,Total,4,38,87,0.696,2025,125
187,MIN,Total,5,33,92,0.736,2025,125
188,MIN,Total,6,43,82,0.656,2025,125
189,MIN,Total,7,29,95,0.766,2025,124
190,MIN,Total,8,25,98,0.797,2025,123
191,MIN,Total,9,22,77,0.778,2025,99
379,NYM,Home,1,23,42,0.646,2025,65
380,NYM,Home,2,19,46,0.708,2025,65
381,NYM,Home,3,24,41,0.631,2025,65
382,NYM,Home,4,19,46,0.708,2025,65
383,NYM,Home,5,16,49,0.754,2025,65
384,NYM,Home,6,14,51,0.785,2025,65
385,NYM,Home,7,16,49,0.754,2025,65
386,NYM,Home,8,24,41,0.631,2025,65
387,NYM,Home,9,7,23,0.767,2025,30
392,NYM,Road,1,14,46,0.767,2025,60
393,NYM,Road,2,16,44,0.733,2025,60
394,NYM,Road,3,18,42,0.7,2025,60
395,NYM,Road,4,11,49,0.817,2025,60
396,NYM,Road,5,19,41,0.683,2025,60
397,NYM,Road,6,15,45,0.75,2025,60
398,NYM,Road,7,13,47,0.783,2025,60
399,NYM,Road,8,16,44,0.733,2025,60
400,NYM,Road,9,18,42,0.7,2025,60
194,NYM,Total,1,37,88,0.704,2025,125
195,NYM,Total,2,35,90,0.72,2025,125
196,NYM,Total,3,42,83,0.664,2025,125
197,NYM,Total,4,30,95,0.76,2025,125
198,NYM,Total,5,35,90,0.72,2025,125
199,NYM,Total,6,29,96,0.768,2025,125
200,NYM,Total,7,29,96,0.768,2025,125
201,NYM,Total,8,40,85,0.68,2025,125
202,NYM,Total,9,25,65,0.722,2025,90
403,NYY,Home,1,21,41,0.661,2025,62
404,NYY,Home,2,20,42,0.677,2025,62
405,NYY,Home,3,19,43,0.694,2025,62
406,NYY,Home,4,15,47,0.758,2025,62
407,NYY,Home,5,16,46,0.742,2025,62
408,NYY,Home,6,18,43,0.705,2025,61
409,NYY,Home,7,18,43,0.705,2025,61
410,NYY,Home,8,19,42,0.689,2025,61
411,NYY,Home,9,6,22,0.786,2025,28
414,NYY,Road,1,25,38,0.603,2025,63
415,NYY,Road,2,15,48,0.762,2025,63
416,NYY,Road,3,15,48,0.762,2025,63
417,NYY,Road,4,20,43,0.683,2025,63
418,NYY,Road,5,20,43,0.683,2025,63
419,NYY,Road,6,17,46,0.73,2025,63
420,NYY,Road,7,26,37,0.587,2025,63
421,NYY,Road,8,17,46,0.73,2025,63
422,NYY,Road,9,19,44,0.698,2025,63
207,NYY,Total,1,46,79,0.632,2025,125
208,NYY,Total,2,35,90,0.72,2025,125
209,NYY,Total,3,34,91,0.728,2025,125
210,NYY,Total,4,35,90,0.72,2025,125
211,NYY,Total,5,36,89,0.712,2025,125
212,NYY,Total,6,35,89,0.718,2025,124
213,NYY,Total,7,44,80,0.645,2025,124
214,NYY,Total,8,36,88,0.71,2025,124
215,NYY,Total,9,25,66,0.725,2025,91
425,OAK,Home,1,22,41,0.651,2025,63
426,OAK,Home,2,18,45,0.714,2025,63
427,OAK,Home,3,24,39,0.619,2025,63
428,OAK,Home,4,14,49,0.778,2025,63
429,OAK,Home,5,21,42,0.667,2025,63
430,OAK,Home,6,12,51,0.81,2025,63
431,OAK,Home,7,18,45,0.714,2025,63
432,OAK,Home,8,14,49,0.778,2025,63
433,OAK,Home,9,10,33,0.767,2025,43
436,OAK,Road,1,19,45,0.703,2025,64
437,OAK,Road,2,14,50,0.781,2025,64
438,OAK,Road,3,15,49,0.766,2025,64
439,OAK,Road,4,23,41,0.641,2025,64
440,OAK,Road,5,19,45,0.703,2025,64
441,OAK,Road,6,24,40,0.625,2025,64
442,OAK,Road,7,11,53,0.828,2025,64
443,OAK,Road,8,16,48,0.75,2025,64
444,OAK,Road,9,22,42,0.656,2025,64
218,OAK,Total,1,41,86,0.677,2025,127
219,OAK,Total,2,32,95,0.748,2025,127
220,OAK,Total,3,39,88,0.693,2025,127
221,OAK,Total,4,37,90,0.709,2025,127
222,OAK,Total,5,40,87,0.685,2025,127
223,OAK,Total,6,36,91,0.717,2025,127
224,OAK,Total,7,29,98,0.772,2025,127
225,OAK,Total,8,30,97,0.764,2025,127
226,OAK,Total,9,32,75,0.701,2025,107
447,PHI,Home,1,24,36,0.6,2025,60
448,PHI,Home,2,14,46,0.767,2025,60
449,PHI,Home,3,14,46,0.767,2025,60
450,PHI,Home,4,24,36,0.6,2025,60
451,PHI,Home,5,19,41,0.683,2025,60
452,PHI,Home,6,15,45,0.75,2025,60
453,PHI,Home,7,22,38,0.633,2025,60
454,PHI,Home,8,26,34,0.567,2025,60
455,PHI,Home,9,5,19,0.792,2025,24
458,PHI,Road,1,17,49,0.742,2025,66
459,PHI,Road,2,13,53,0.803,2025,66
460,PHI,Road,3,14,52,0.788,2025,66
461,PHI,Road,4,17,49,0.742,2025,66
462,PHI,Road,5,14,52,0.788,2025,66
463,PHI,Road,6,12,54,0.818,2025,66
464,PHI,Road,7,16,50,0.758,2025,66
465,PHI,Road,8,16,50,0.758,2025,66
466,PHI,Road,9,16,50,0.758,2025,66
229,PHI,Total,1,41,85,0.675,2025,126
230,PHI,Total,2,27,99,0.786,2025,126
231,PHI,Total,3,28,98,0.778,2025,126
232,PHI,Total,4,41,85,0.675,2025,126
233,PHI,Total,5,33,93,0.738,2025,126
234,PHI,Total,6,27,99,0.786,2025,126
235,PHI,Total,7,38,88,0.698,2025,126
236,PHI,Total,8,42,84,0.667,2025,126
237,PHI,Total,9,21,69,0.767,2025,90
469,PIT,Home,1,17,48,0.738,2025,65
470,PIT,Home,2,17,48,0.738,2025,65
471,PIT,Home,3,19,46,0.708,2025,65
472,PIT,Home,4,16,49,0.754,2025,65
473,PIT,Home,5,15,50,0.769,2025,65
474,PIT,Home,6,12,53,0.815,2025,65
475,PIT,Home,7,19,46,0.708,2025,65
476,PIT,Home,8,16,49,0.754,2025,65
477,PIT,Home,9,7,29,0.806,2025,36
482,PIT,Road,1,13,49,0.79,2025,62
483,PIT,Road,2,11,51,0.823,2025,62
484,PIT,Road,3,8,54,0.871,2025,62
485,PIT,Road,4,12,50,0.806,2025,62
486,PIT,Road,5,21,41,0.661,2025,62
487,PIT,Road,6,16,46,0.742,2025,62
488,PIT,Road,7,11,51,0.823,2025,62
489,PIT,Road,8,10,52,0.839,2025,62
490,PIT,Road,9,10,52,0.839,2025,62
240,PIT,Total,1,30,97,0.764,2025,127
241,PIT,Total,2,28,99,0.78,2025,127
242,PIT,Total,3,27,100,0.787,2025,127
243,PIT,Total,4,28,99,0.78,2025,127
244,PIT,Total,5,36,91,0.717,2025,127
245,PIT,Total,6,28,99,0.78,2025,127
246,PIT,Total,7,30,97,0.764,2025,127
247,PIT,Total,8,26,101,0.795,2025,127
248,PIT,Total,9,17,81,0.827,2025,98
494,SD,Home,1,15,45,0.75,2025,60
495,SD,Home,2,15,45,0.75,2025,60
496,SD,Home,3,20,40,0.667,2025,60
497,SD,Home,4,15,45,0.75,2025,60
498,SD,Home,5,18,42,0.7,2025,60
499,SD,Home,6,19,41,0.683,2025,60
500,SD,Home,7,27,33,0.55,2025,60
501,SD,Home,8,15,45,0.75,2025,60
502,SD,Home,9,4,23,0.852,2025,27
505,SD,Road,1,18,48,0.727,2025,66
506,SD,Road,2,20,46,0.697,2025,66
507,SD,Road,3,18,48,0.727,2025,66
508,SD,Road,4,16,50,0.758,2025,66
509,SD,Road,5,14,52,0.788,2025,66
510,SD,Road,6,9,57,0.864,2025,66
511,SD,Road,7,20,46,0.697,2025,66
512,SD,Road,8,15,51,0.773,2025,66
513,SD,Road,9,15,51,0.773,2025,66
253,SD,Total,1,33,93,0.738,2025,126
254,SD,Total,2,35,91,0.722,2025,126
255,SD,Total,3,38,88,0.698,2025,126
256,SD,Total,4,31,95,0.754,2025,126
257,SD,Total,5,32,94,0.746,2025,126
258,SD,Total,6,28,98,0.778,2025,126
259,SD,Total,7,47,79,0.627,2025,126
260,SD,Total,8,30,96,0.762,2025,126
261,SD,Total,9,19,74,0.796,2025,93
516,SEA,Home,1,12,50,0.806,2025,62
517,SEA,Home,2,21,41,0.661,2025,62
518,SEA,Home,3,14,48,0.774,2025,62
519,SEA,Home,4,18,44,0.71,2025,62
520,SEA,Home,5,11,51,0.823,2025,62
521,SEA,Home,6,17,45,0.726,2025,62
522,SEA,Home,7,19,43,0.694,2025,62
523,SEA,Home,8,13,49,0.79,2025,62
524,SEA,Home,9,4,29,0.879,2025,33
528,SEA,Road,1,24,41,0.631,2025,65
529,SEA,Road,2,16,49,0.754,2025,65
530,SEA,Road,3,18,47,0.723,2025,65
531,SEA,Road,4,19,46,0.708,2025,65
532,SEA,Road,5,18,47,0.723,2025,65
533,SEA,Road,6,23,42,0.646,2025,65
534,SEA,Road,7,19,46,0.708,2025,65
535,SEA,Road,8,14,51,0.785,2025,65
536,SEA,Road,9,22,43,0.662,2025,65
264,SEA,Total,1,36,91,0.717,2025,127
265,SEA,Total,2,37,90,0.709,2025,127
266,SEA,Total,3,32,95,0.748,2025,127
267,SEA,Total,4,37,90,0.709,2025,127
268,SEA,Total,5,29,98,0.772,2025,127
269,SEA,Total,6,40,87,0.685,2025,127
270,SEA,Total,7,38,89,0.701,2025,127
271,SEA,Total,8,27,100,0.787,2025,127
272,SEA,Total,9,26,72,0.735,2025,98
540,SF,Home,1,16,47,0.746,2025,63
541,SF,Home,2,12,51,0.81,2025,63
542,SF,Home,3,13,50,0.794,2025,63
543,SF,Home,4,18,45,0.714,2025,63
544,SF,Home,5,16,47,0.746,2025,63
545,SF,Home,6,14,49,0.778,2025,63
546,SF,Home,7,9,54,0.857,2025,63
547,SF,Home,8,13,50,0.794,2025,63
548,SF,Home,9,5,37,0.881,2025,42
551,SF,Road,1,20,43,0.683,2025,63
552,SF,Road,2,16,47,0.746,2025,63
553,SF,Road,3,14,49,0.778,2025,63
554,SF,Road,4,16,47,0.746,2025,63
555,SF,Road,5,21,42,0.667,2025,63
556,SF,Road,6,17,46,0.73,2025,63
557,SF,Road,7,13,49,0.79,2025,62
558,SF,Road,8,14,48,0.774,2025,62
559,SF,Road,9,14,48,0.774,2025,62
276,SF,Total,1,36,90,0.714,2025,126
277,SF,Total,2,28,98,0.778,2025,126
278,SF,Total,3,27,99,0.786,2025,126
279,SF,Total,4,34,92,0.73,2025,126
280,SF,Total,5,37,89,0.706,2025,126
281,SF,Total,6,31,95,0.754,2025,126
282,SF,Total,7,22,103,0.824,2025,125
283,SF,Total,8,27,98,0.784,2025,125
284,SF,Total,9,19,85,0.817,2025,104
562,STL,Home,1,15,50,0.769,2025,65
563,STL,Home,2,20,45,0.692,2025,65
564,STL,Home,3,19,46,0.708,2025,65
565,STL,Home,4,16,49,0.754,2025,65
566,STL,Home,5,15,50,0.769,2025,65
567,STL,Home,6,25,40,0.615,2025,65
568,STL,Home,7,17,48,0.738,2025,65
569,STL,Home,8,15,50,0.769,2025,65
570,STL,Home,9,3,31,0.912,2025,34
573,STL,Road,1,16,46,0.742,2025,62
574,STL,Road,2,12,50,0.806,2025,62
575,STL,Road,3,13,49,0.79,2025,62
576,STL,Road,4,19,43,0.694,2025,62
577,STL,Road,5,15,47,0.758,2025,62
578,STL,Road,6,17,45,0.726,2025,62
579,STL,Road,7,15,47,0.758,2025,62
580,STL,Road,8,20,42,0.677,2025,62
581,STL,Road,9,24,38,0.613,2025,62
287,STL,Total,1,31,96,0.756,2025,127
288,STL,Total,2,32,95,0.748,2025,127
289,STL,Total,3,32,95,0.748,2025,127
290,STL,Total,4,35,92,0.724,2025,127
291,STL,Total,5,30,97,0.764,2025,127
292,STL,Total,6,42,85,0.669,2025,127
293,STL,Total,7,32,95,0.748,2025,127
294,STL,Total,8,35,92,0.724,2025,127
295,STL,Total,9,27,69,0.719,2025,96
586,TB,Home,1,20,43,0.683,2025,63
587,TB,Home,2,13,50,0.794,2025,63
588,TB,Home,3,19,44,0.698,2025,63
589,TB,Home,4,25,38,0.603,2025,63
590,TB,Home,5,11,52,0.825,2025,63
591,TB,Home,6,16,47,0.746,2025,63
592,TB,Home,7,14,49,0.778,2025,63
593,TB,Home,8,18,45,0.714,2025,63
594,TB,Home,9,7,29,0.806,2025,36
596,TB,Road,1,14,49,0.778,2025,63
597,TB,Road,2,15,48,0.762,2025,63
598,TB,Road,3,22,41,0.651,2025,63
599,TB,Road,4,23,40,0.635,2025,63
600,TB,Road,5,16,47,0.746,2025,63
601,TB,Road,6,13,50,0.794,2025,63
602,TB,Road,7,15,48,0.762,2025,63
603,TB,Road,8,12,51,0.81,2025,63
604,TB,Road,9,13,50,0.794,2025,63
300,TB,Total,1,34,92,0.73,2025,126
301,TB,Total,2,28,98,0.778,2025,126
302,TB,Total,3,41,85,0.675,2025,126
303,TB,Total,4,48,78,0.619,2025,126
304,TB,Total,5,27,99,0.786,2025,126
305,TB,Total,6,29,97,0.77,2025,126
306,TB,Total,7,29,97,0.77,2025,126
307,TB,Total,8,30,96,0.762,2025,126
308,TB,Total,9,20,79,0.798,2025,99
607,TEX,Home,1,15,48,0.762,2025,63
608,TEX,Home,2,16,47,0.746,2025,63
609,TEX,Home,3,19,44,0.698,2025,63
610,TEX,Home,4,13,50,0.794,2025,63
611,TEX,Home,5,12,51,0.81,2025,63
612,TEX,Home,6,17,46,0.73,2025,63
613,TEX,Home,7,15,48,0.762,2025,63
614,TEX,Home,8,13,50,0.794,2025,63
615,TEX,Home,9,5,28,0.848,2025,33
619,TEX,Road,1,19,45,0.703,2025,64
620,TEX,Road,2,14,50,0.781,2025,64
621,TEX,Road,3,21,43,0.672,2025,64
622,TEX,Road,4,20,44,0.688,2025,64
623,TEX,Road,5,18,46,0.719,2025,64
624,TEX,Road,6,19,45,0.703,2025,64
625,TEX,Road,7,11,53,0.828,2025,64
626,TEX,Road,8,19,45,0.703,2025,64
627,TEX,Road,9,12,52,0.812,2025,64
311,TEX,Total,1,34,93,0.732,2025,127
312,TEX,Total,2,30,97,0.764,2025,127
313,TEX,Total,3,40,87,0.685,2025,127
314,TEX,Total,4,33,94,0.74,2025,127
315,TEX,Total,5,30,97,0.764,2025,127
316,TEX,Total,6,36,91,0.717,2025,127
317,TEX,Total,7,26,101,0.795,2025,127
318,TEX,Total,8,32,95,0.748,2025,127
319,TEX,Total,9,17,80,0.825,2025,97
630,TOR,Home,1,18,45,0.714,2025,63
631,TOR,Home,2,14,49,0.778,2025,63
632,TOR,Home,3,23,40,0.635,2025,63
633,TOR,Home,4,14,49,0.778,2025,63
634,TOR,Home,5,21,42,0.667,2025,63
635,TOR,Home,6,22,41,0.651,2025,63
636,TOR,Home,7,21,42,0.667,2025,63
637,TOR,Home,8,22,41,0.651,2025,63
638,TOR,Home,9,5,23,0.821,2025,28
642,TOR,Road,1,15,49,0.766,2025,64
643,TOR,Road,2,15,49,0.766,2025,64
644,TOR,Road,3,20,44,0.688,2025,64
645,TOR,Road,4,16,48,0.75,2025,64
646,TOR,Road,5,19,45,0.703,2025,64
647,TOR,Road,6,18,46,0.719,2025,64
648,TOR,Road,7,15,49,0.766,2025,64
649,TOR,Road,8,17,46,0.73,2025,63
650,TOR,Road,9,14,49,0.778,2025,63
323,TOR,Total,1,33,94,0.74,2025,127
324,TOR,Total,2,29,98,0.772,2025,127
325,TOR,Total,3,43,84,0.661,2025,127
326,TOR,Total,4,30,97,0.764,2025,127
327,TOR,Total,5,40,87,0.685,2025,127
328,TOR,Total,6,40,87,0.685,2025,127
329,TOR,Total,7,36,91,0.717,2025,127
330,TOR,Total,8,39,87,0.69,2025,126
331,TOR,Total,9,19,72,0.791,2025,91
653,WSH,Home,1,19,44,0.698,2025,63
654,WSH,Home,2,15,48,0.762,2025,63
655,WSH,Home,3,14,49,0.778,2025,63
656,WSH,Home,4,14,49,0.778,2025,63
657,WSH,Home,5,11,52,0.825,2025,63
658,WSH,Home,6,16,47,0.746,2025,63
659,WSH,Home,7,14,49,0.778,2025,63
660,WSH,Home,8,12,51,0.81,2025,63
661,WSH,Home,9,13,31,0.705,2025,44
664,WSH,Road,1,16,46,0.742,2025,62
665,WSH,Road,2,14,48,0.774,2025,62
666,WSH,Road,3,10,52,0.839,2025,62
667,WSH,Road,4,20,42,0.677,2025,62
668,WSH,Road,5,15,47,0.758,2025,62
669,WSH,Road,6,20,42,0.677,2025,62
670,WSH,Road,7,21,41,0.661,2025,62
671,WSH,Road,8,16,46,0.742,2025,62
672,WSH,Road,9,18,44,0.71,2025,62
335,WSH,Total,1,35,90,0.72,2025,125
336,WSH,Total,2,29,96,0.768,2025,125
337,WSH,Total,3,24,101,0.808,2025,125
338,WSH,Total,4,34,91,0.728,2025,125
339,WSH,Total,5,26,99,0.792,2025,125
340,WSH,Total,6,36,89,0.712,2025,125
341,WSH,Total,7,35,90,0.72,2025,125
342,WSH,Total,8,28,97,0.776,2025,125
343,WSH,Total,9,31,75,0.708,2025,106
