,BatterTeam,Split,inning,YRA,NRA,NRA%,Year,Apps
0,ARI,Home,1,33,39,0.542,2025,72
1,ARI,Home,2,22,50,0.694,2025,72
2,ARI,Home,3,25,47,0.653,2025,72
3,ARI,Home,4,26,46,0.639,2025,72
4,ARI,Home,5,29,43,0.597,2025,72
5,ARI,Home,6,17,55,0.764,2025,72
6,ARI,Home,7,18,54,0.75,2025,72
7,ARI,Home,8,22,50,0.694,2025,72
8,ARI,Home,9,12,28,0.7,2025,40
11,ARI,Road,1,18,56,0.757,2025,74
12,ARI,Road,2,24,50,0.676,2025,74
13,ARI,Road,3,24,50,0.676,2025,74
14,ARI,Road,4,23,51,0.689,2025,74
15,ARI,Road,5,22,52,0.703,2025,74
16,ARI,Road,6,17,57,0.77,2025,74
17,ARI,Road,7,20,54,0.73,2025,74
18,ARI,Road,8,19,55,0.743,2025,74
19,ARI,Road,9,21,53,0.716,2025,74
0,ARI,Total,1,51,95,0.651,2025,146
1,ARI,Total,2,46,100,0.685,2025,146
2,ARI,Total,3,49,97,0.664,2025,146
3,ARI,Total,4,49,97,0.664,2025,146
4,ARI,Total,5,51,95,0.651,2025,146
5,ARI,Total,6,34,112,0.767,2025,146
6,ARI,Total,7,38,108,0.74,2025,146
7,ARI,Total,8,41,105,0.719,2025,146
8,ARI,Total,9,33,81,0.711,2025,114
22,ATL,Home,1,22,49,0.69,2025,71
23,ATL,Home,2,10,61,0.859,2025,71
24,ATL,Home,3,18,53,0.746,2025,71
25,ATL,Home,4,20,51,0.718,2025,71
26,ATL,Home,5,18,53,0.746,2025,71
27,ATL,Home,6,23,48,0.676,2025,71
28,ATL,Home,7,16,55,0.775,2025,71
29,ATL,Home,8,17,54,0.761,2025,71
30,ATL,Home,9,10,31,0.756,2025,41
33,ATL,Road,1,20,54,0.73,2025,74
34,ATL,Road,2,19,55,0.743,2025,74
35,ATL,Road,3,15,59,0.797,2025,74
36,ATL,Road,4,24,50,0.676,2025,74
37,ATL,Road,5,16,58,0.784,2025,74
38,ATL,Road,6,20,54,0.73,2025,74
39,ATL,Road,7,17,57,0.77,2025,74
40,ATL,Road,8,20,54,0.73,2025,74
41,ATL,Road,9,20,54,0.73,2025,74
11,ATL,Total,1,42,103,0.71,2025,145
12,ATL,Total,2,29,116,0.8,2025,145
13,ATL,Total,3,33,112,0.772,2025,145
14,ATL,Total,4,44,101,0.697,2025,145
15,ATL,Total,5,34,111,0.766,2025,145
16,ATL,Total,6,43,102,0.703,2025,145
17,ATL,Total,7,33,112,0.772,2025,145
18,ATL,Total,8,37,108,0.745,2025,145
19,ATL,Total,9,30,85,0.739,2025,115
44,BAL,Home,1,19,53,0.736,2025,72
45,BAL,Home,2,21,51,0.708,2025,72
46,BAL,Home,3,23,49,0.681,2025,72
47,BAL,Home,4,12,60,0.833,2025,72
48,BAL,Home,5,19,53,0.736,2025,72
49,BAL,Home,6,22,50,0.694,2025,72
50,BAL,Home,7,24,48,0.667,2025,72
51,BAL,Home,8,20,52,0.722,2025,72
52,BAL,Home,9,6,36,0.857,2025,42
55,BAL,Road,1,19,53,0.736,2025,72
56,BAL,Road,2,11,61,0.847,2025,72
57,BAL,Road,3,22,50,0.694,2025,72
58,BAL,Road,4,18,54,0.75,2025,72
59,BAL,Road,5,20,52,0.722,2025,72
60,BAL,Road,6,15,57,0.792,2025,72
61,BAL,Road,7,20,52,0.722,2025,72
62,BAL,Road,8,15,57,0.792,2025,72
63,BAL,Road,9,12,60,0.833,2025,72
22,BAL,Total,1,38,106,0.736,2025,144
23,BAL,Total,2,32,112,0.778,2025,144
24,BAL,Total,3,45,99,0.688,2025,144
25,BAL,Total,4,30,114,0.792,2025,144
26,BAL,Total,5,39,105,0.729,2025,144
27,BAL,Total,6,37,107,0.743,2025,144
28,BAL,Total,7,44,100,0.694,2025,144
29,BAL,Total,8,35,109,0.757,2025,144
30,BAL,Total,9,18,96,0.842,2025,114
67,BOS,Home,1,24,48,0.667,2025,72
68,BOS,Home,2,17,55,0.764,2025,72
69,BOS,Home,3,23,49,0.681,2025,72
70,BOS,Home,4,19,53,0.736,2025,72
71,BOS,Home,5,24,48,0.667,2025,72
72,BOS,Home,6,24,48,0.667,2025,72
73,BOS,Home,7,24,48,0.667,2025,72
74,BOS,Home,8,20,52,0.722,2025,72
75,BOS,Home,9,7,31,0.816,2025,38
78,BOS,Road,1,22,52,0.703,2025,74
79,BOS,Road,2,21,53,0.716,2025,74
80,BOS,Road,3,22,52,0.703,2025,74
81,BOS,Road,4,19,55,0.743,2025,74
82,BOS,Road,5,21,53,0.716,2025,74
83,BOS,Road,6,20,54,0.73,2025,74
84,BOS,Road,7,17,57,0.77,2025,74
85,BOS,Road,8,16,58,0.784,2025,74
86,BOS,Road,9,24,50,0.676,2025,74
34,BOS,Total,1,46,100,0.685,2025,146
35,BOS,Total,2,38,108,0.74,2025,146
36,BOS,Total,3,45,101,0.692,2025,146
37,BOS,Total,4,38,108,0.74,2025,146
38,BOS,Total,5,45,101,0.692,2025,146
39,BOS,Total,6,44,102,0.699,2025,146
40,BOS,Total,7,41,105,0.719,2025,146
41,BOS,Total,8,36,110,0.753,2025,146
42,BOS,Total,9,31,81,0.723,2025,112
90,CHC,Home,1,20,52,0.722,2025,72
91,CHC,Home,2,30,42,0.583,2025,72
92,CHC,Home,3,20,52,0.722,2025,72
93,CHC,Home,4,18,54,0.75,2025,72
94,CHC,Home,5,25,47,0.653,2025,72
95,CHC,Home,6,17,55,0.764,2025,72
96,CHC,Home,7,16,56,0.778,2025,72
97,CHC,Home,8,22,50,0.694,2025,72
98,CHC,Home,9,4,31,0.886,2025,35
101,CHC,Road,1,23,50,0.685,2025,73
102,CHC,Road,2,18,55,0.753,2025,73
103,CHC,Road,3,19,54,0.74,2025,73
104,CHC,Road,4,25,48,0.658,2025,73
105,CHC,Road,5,20,53,0.726,2025,73
106,CHC,Road,6,23,50,0.685,2025,73
107,CHC,Road,7,26,47,0.644,2025,73
108,CHC,Road,8,24,49,0.671,2025,73
109,CHC,Road,9,16,57,0.781,2025,73
46,CHC,Total,1,43,102,0.703,2025,145
47,CHC,Total,2,48,97,0.669,2025,145
48,CHC,Total,3,39,106,0.731,2025,145
49,CHC,Total,4,43,102,0.703,2025,145
50,CHC,Total,5,45,100,0.69,2025,145
51,CHC,Total,6,40,105,0.724,2025,145
52,CHC,Total,7,42,103,0.71,2025,145
53,CHC,Total,8,46,99,0.683,2025,145
54,CHC,Total,9,20,88,0.815,2025,108
112,CIN,Home,1,29,45,0.608,2025,74
113,CIN,Home,2,20,54,0.73,2025,74
114,CIN,Home,3,20,54,0.73,2025,74
115,CIN,Home,4,21,53,0.716,2025,74
116,CIN,Home,5,16,58,0.784,2025,74
117,CIN,Home,6,23,51,0.689,2025,74
118,CIN,Home,7,24,49,0.671,2025,73
119,CIN,Home,8,14,59,0.808,2025,73
120,CIN,Home,9,9,31,0.775,2025,40
123,CIN,Road,1,16,55,0.775,2025,71
124,CIN,Road,2,12,59,0.831,2025,71
125,CIN,Road,3,21,50,0.704,2025,71
126,CIN,Road,4,21,50,0.704,2025,71
127,CIN,Road,5,22,49,0.69,2025,71
128,CIN,Road,6,22,49,0.69,2025,71
129,CIN,Road,7,12,59,0.831,2025,71
130,CIN,Road,8,24,47,0.662,2025,71
131,CIN,Road,9,21,50,0.704,2025,71
57,CIN,Total,1,45,100,0.69,2025,145
58,CIN,Total,2,32,113,0.779,2025,145
59,CIN,Total,3,41,104,0.717,2025,145
60,CIN,Total,4,42,103,0.71,2025,145
61,CIN,Total,5,38,107,0.738,2025,145
62,CIN,Total,6,45,100,0.69,2025,145
63,CIN,Total,7,36,108,0.75,2025,144
64,CIN,Total,8,38,106,0.736,2025,144
65,CIN,Total,9,30,81,0.73,2025,111
134,CLE,Home,1,23,47,0.671,2025,70
135,CLE,Home,2,10,60,0.857,2025,70
136,CLE,Home,3,18,52,0.743,2025,70
137,CLE,Home,4,26,44,0.629,2025,70
138,CLE,Home,5,14,56,0.8,2025,70
139,CLE,Home,6,19,51,0.729,2025,70
140,CLE,Home,7,17,53,0.757,2025,70
141,CLE,Home,8,13,57,0.814,2025,70
142,CLE,Home,9,8,32,0.8,2025,40
144,CLE,Road,1,17,57,0.77,2025,74
145,CLE,Road,2,17,57,0.77,2025,74
146,CLE,Road,3,20,54,0.73,2025,74
147,CLE,Road,4,21,53,0.716,2025,74
148,CLE,Road,5,15,59,0.797,2025,74
149,CLE,Road,6,22,52,0.703,2025,74
150,CLE,Road,7,16,58,0.784,2025,74
151,CLE,Road,8,16,58,0.784,2025,74
152,CLE,Road,9,15,59,0.797,2025,74
68,CLE,Total,1,40,104,0.722,2025,144
69,CLE,Total,2,27,117,0.812,2025,144
70,CLE,Total,3,38,106,0.736,2025,144
71,CLE,Total,4,47,97,0.674,2025,144
72,CLE,Total,5,29,115,0.799,2025,144
73,CLE,Total,6,41,103,0.715,2025,144
74,CLE,Total,7,33,111,0.771,2025,144
75,CLE,Total,8,29,115,0.799,2025,144
76,CLE,Total,9,23,91,0.798,2025,114
155,COL,Home,1,22,53,0.707,2025,75
156,COL,Home,2,22,53,0.707,2025,75
157,COL,Home,3,29,46,0.613,2025,75
158,COL,Home,4,25,50,0.667,2025,75
159,COL,Home,5,23,52,0.693,2025,75
160,COL,Home,6,20,55,0.733,2025,75
161,COL,Home,7,18,57,0.76,2025,75
162,COL,Home,8,23,52,0.693,2025,75
163,COL,Home,9,16,40,0.714,2025,56
166,COL,Road,1,9,61,0.871,2025,70
167,COL,Road,2,10,60,0.857,2025,70
168,COL,Road,3,17,53,0.757,2025,70
169,COL,Road,4,12,58,0.829,2025,70
170,COL,Road,5,16,54,0.771,2025,70
171,COL,Road,6,17,53,0.757,2025,70
172,COL,Road,7,18,52,0.743,2025,70
173,COL,Road,8,14,56,0.8,2025,70
174,COL,Road,9,13,57,0.814,2025,70
79,COL,Total,1,31,114,0.786,2025,145
80,COL,Total,2,32,113,0.779,2025,145
81,COL,Total,3,46,99,0.683,2025,145
82,COL,Total,4,37,108,0.745,2025,145
83,COL,Total,5,39,106,0.731,2025,145
84,COL,Total,6,37,108,0.745,2025,145
85,COL,Total,7,36,109,0.752,2025,145
86,COL,Total,8,37,108,0.745,2025,145
87,COL,Total,9,29,97,0.77,2025,126
177,CWS,Home,1,21,52,0.712,2025,73
178,CWS,Home,2,21,52,0.712,2025,73
179,CWS,Home,3,12,61,0.836,2025,73
180,CWS,Home,4,19,54,0.74,2025,73
181,CWS,Home,5,17,56,0.767,2025,73
182,CWS,Home,6,20,53,0.726,2025,73
183,CWS,Home,7,17,54,0.761,2025,71
184,CWS,Home,8,22,49,0.69,2025,71
185,CWS,Home,9,5,40,0.889,2025,45
188,CWS,Road,1,22,50,0.694,2025,72
189,CWS,Road,2,17,55,0.764,2025,72
190,CWS,Road,3,16,56,0.778,2025,72
191,CWS,Road,4,20,52,0.722,2025,72
192,CWS,Road,5,18,54,0.75,2025,72
193,CWS,Road,6,20,52,0.722,2025,72
194,CWS,Road,7,19,53,0.736,2025,72
195,CWS,Road,8,16,55,0.775,2025,71
196,CWS,Road,9,16,55,0.775,2025,71
90,CWS,Total,1,43,102,0.703,2025,145
91,CWS,Total,2,38,107,0.738,2025,145
92,CWS,Total,3,28,117,0.807,2025,145
93,CWS,Total,4,39,106,0.731,2025,145
94,CWS,Total,5,35,110,0.759,2025,145
95,CWS,Total,6,40,105,0.724,2025,145
96,CWS,Total,7,36,107,0.748,2025,143
97,CWS,Total,8,38,104,0.732,2025,142
98,CWS,Total,9,21,95,0.819,2025,116
199,DET,Home,1,24,51,0.68,2025,75
200,DET,Home,2,23,52,0.693,2025,75
201,DET,Home,3,23,52,0.693,2025,75
202,DET,Home,4,30,45,0.6,2025,75
203,DET,Home,5,30,45,0.6,2025,75
204,DET,Home,6,19,56,0.747,2025,75
205,DET,Home,7,25,50,0.667,2025,75
206,DET,Home,8,16,59,0.787,2025,75
207,DET,Home,9,6,27,0.818,2025,33
210,DET,Road,1,16,54,0.771,2025,70
211,DET,Road,2,16,54,0.771,2025,70
212,DET,Road,3,22,48,0.686,2025,70
213,DET,Road,4,19,51,0.729,2025,70
214,DET,Road,5,12,58,0.829,2025,70
215,DET,Road,6,11,59,0.843,2025,70
216,DET,Road,7,19,51,0.729,2025,70
217,DET,Road,8,23,47,0.671,2025,70
218,DET,Road,9,15,55,0.786,2025,70
101,DET,Total,1,40,105,0.724,2025,145
102,DET,Total,2,39,106,0.731,2025,145
103,DET,Total,3,45,100,0.69,2025,145
104,DET,Total,4,49,96,0.662,2025,145
105,DET,Total,5,42,103,0.71,2025,145
106,DET,Total,6,30,115,0.793,2025,145
107,DET,Total,7,44,101,0.697,2025,145
108,DET,Total,8,39,106,0.731,2025,145
109,DET,Total,9,21,82,0.796,2025,103
221,HOU,Home,1,17,58,0.773,2025,75
222,HOU,Home,2,15,60,0.8,2025,75
223,HOU,Home,3,21,54,0.72,2025,75
224,HOU,Home,4,18,57,0.76,2025,75
225,HOU,Home,5,22,53,0.707,2025,75
226,HOU,Home,6,24,51,0.68,2025,75
227,HOU,Home,7,17,58,0.773,2025,75
228,HOU,Home,8,22,53,0.707,2025,75
229,HOU,Home,9,6,33,0.846,2025,39
233,HOU,Road,1,20,50,0.714,2025,70
234,HOU,Road,2,14,56,0.8,2025,70
235,HOU,Road,3,17,53,0.757,2025,70
236,HOU,Road,4,13,57,0.814,2025,70
237,HOU,Road,5,18,52,0.743,2025,70
238,HOU,Road,6,22,48,0.686,2025,70
239,HOU,Road,7,17,53,0.757,2025,70
240,HOU,Road,8,21,48,0.696,2025,69
241,HOU,Road,9,13,56,0.812,2025,69
112,HOU,Total,1,37,108,0.745,2025,145
113,HOU,Total,2,29,116,0.8,2025,145
114,HOU,Total,3,38,107,0.738,2025,145
115,HOU,Total,4,31,114,0.786,2025,145
116,HOU,Total,5,40,105,0.724,2025,145
117,HOU,Total,6,46,99,0.683,2025,145
118,HOU,Total,7,34,111,0.766,2025,145
119,HOU,Total,8,43,101,0.701,2025,144
120,HOU,Total,9,19,89,0.824,2025,108
245,KC,Home,1,24,51,0.68,2025,75
246,KC,Home,2,16,59,0.787,2025,75
247,KC,Home,3,18,57,0.76,2025,75
248,KC,Home,4,17,58,0.773,2025,75
249,KC,Home,5,17,58,0.773,2025,75
250,KC,Home,6,19,56,0.747,2025,75
251,KC,Home,7,18,57,0.76,2025,75
252,KC,Home,8,19,56,0.747,2025,75
253,KC,Home,9,10,32,0.762,2025,42
257,KC,Road,1,19,51,0.729,2025,70
258,KC,Road,2,14,56,0.8,2025,70
259,KC,Road,3,16,54,0.771,2025,70
260,KC,Road,4,20,50,0.714,2025,70
261,KC,Road,5,22,48,0.686,2025,70
262,KC,Road,6,12,58,0.829,2025,70
263,KC,Road,7,12,58,0.829,2025,70
264,KC,Road,8,20,50,0.714,2025,70
265,KC,Road,9,16,54,0.771,2025,70
124,KC,Total,1,43,102,0.703,2025,145
125,KC,Total,2,30,115,0.793,2025,145
126,KC,Total,3,34,111,0.766,2025,145
127,KC,Total,4,37,108,0.745,2025,145
128,KC,Total,5,39,106,0.731,2025,145
129,KC,Total,6,31,114,0.786,2025,145
130,KC,Total,7,30,115,0.793,2025,145
131,KC,Total,8,39,106,0.731,2025,145
132,KC,Total,9,26,86,0.768,2025,112
268,LAA,Home,1,25,49,0.662,2025,74
269,LAA,Home,2,15,59,0.797,2025,74
270,LAA,Home,3,15,59,0.797,2025,74
271,LAA,Home,4,22,52,0.703,2025,74
272,LAA,Home,5,21,53,0.716,2025,74
273,LAA,Home,6,19,55,0.743,2025,74
274,LAA,Home,7,19,55,0.743,2025,74
275,LAA,Home,8,18,56,0.757,2025,74
276,LAA,Home,9,9,38,0.809,2025,47
279,LAA,Road,1,27,44,0.62,2025,71
280,LAA,Road,2,18,53,0.746,2025,71
281,LAA,Road,3,17,54,0.761,2025,71
282,LAA,Road,4,17,54,0.761,2025,71
283,LAA,Road,5,22,49,0.69,2025,71
284,LAA,Road,6,15,56,0.789,2025,71
285,LAA,Road,7,19,52,0.732,2025,71
286,LAA,Road,8,17,54,0.761,2025,71
287,LAA,Road,9,17,54,0.761,2025,71
136,LAA,Total,1,52,93,0.641,2025,145
137,LAA,Total,2,33,112,0.772,2025,145
138,LAA,Total,3,32,113,0.779,2025,145
139,LAA,Total,4,39,106,0.731,2025,145
140,LAA,Total,5,43,102,0.703,2025,145
141,LAA,Total,6,34,111,0.766,2025,145
142,LAA,Total,7,38,107,0.738,2025,145
143,LAA,Total,8,35,110,0.759,2025,145
144,LAA,Total,9,26,92,0.78,2025,118
290,LAD,Home,1,28,45,0.616,2025,73
291,LAD,Home,2,24,49,0.671,2025,73
292,LAD,Home,3,21,52,0.712,2025,73
293,LAD,Home,4,21,52,0.712,2025,73
294,LAD,Home,5,21,52,0.712,2025,73
295,LAD,Home,6,28,45,0.616,2025,73
296,LAD,Home,7,22,51,0.699,2025,73
297,LAD,Home,8,22,51,0.699,2025,73
298,LAD,Home,9,9,26,0.743,2025,35
300,LAD,Road,1,22,50,0.694,2025,72
301,LAD,Road,2,19,53,0.736,2025,72
302,LAD,Road,3,18,54,0.75,2025,72
303,LAD,Road,4,18,54,0.75,2025,72
304,LAD,Road,5,19,53,0.736,2025,72
305,LAD,Road,6,23,49,0.681,2025,72
306,LAD,Road,7,23,49,0.681,2025,72
307,LAD,Road,8,14,58,0.806,2025,72
308,LAD,Road,9,22,50,0.694,2025,72
147,LAD,Total,1,50,95,0.655,2025,145
148,LAD,Total,2,43,102,0.703,2025,145
149,LAD,Total,3,39,106,0.731,2025,145
150,LAD,Total,4,39,106,0.731,2025,145
151,LAD,Total,5,40,105,0.724,2025,145
152,LAD,Total,6,51,94,0.648,2025,145
153,LAD,Total,7,45,100,0.69,2025,145
154,LAD,Total,8,36,109,0.752,2025,145
155,LAD,Total,9,31,76,0.71,2025,107
313,MIA,Home,1,20,53,0.726,2025,73
314,MIA,Home,2,21,52,0.712,2025,73
315,MIA,Home,3,15,58,0.795,2025,73
316,MIA,Home,4,14,59,0.808,2025,73
317,MIA,Home,5,22,51,0.699,2025,73
318,MIA,Home,6,19,54,0.74,2025,73
319,MIA,Home,7,20,53,0.726,2025,73
320,MIA,Home,8,16,57,0.781,2025,73
321,MIA,Home,9,11,38,0.776,2025,49
325,MIA,Road,1,19,53,0.736,2025,72
326,MIA,Road,2,13,59,0.819,2025,72
327,MIA,Road,3,20,52,0.722,2025,72
328,MIA,Road,4,18,54,0.75,2025,72
329,MIA,Road,5,24,48,0.667,2025,72
330,MIA,Road,6,15,57,0.792,2025,72
331,MIA,Road,7,22,50,0.694,2025,72
332,MIA,Road,8,22,50,0.694,2025,72
333,MIA,Road,9,14,58,0.806,2025,72
160,MIA,Total,1,39,106,0.731,2025,145
161,MIA,Total,2,34,111,0.766,2025,145
162,MIA,Total,3,35,110,0.759,2025,145
163,MIA,Total,4,32,113,0.779,2025,145
164,MIA,Total,5,46,99,0.683,2025,145
165,MIA,Total,6,34,111,0.766,2025,145
166,MIA,Total,7,42,103,0.71,2025,145
167,MIA,Total,8,38,107,0.738,2025,145
168,MIA,Total,9,25,96,0.793,2025,121
336,MIL,Home,1,13,59,0.819,2025,72
337,MIL,Home,2,18,54,0.75,2025,72
338,MIL,Home,3,25,47,0.653,2025,72
339,MIL,Home,4,29,43,0.597,2025,72
340,MIL,Home,5,23,49,0.681,2025,72
341,MIL,Home,6,16,56,0.778,2025,72
342,MIL,Home,7,15,57,0.792,2025,72
343,MIL,Home,8,18,54,0.75,2025,72
344,MIL,Home,9,7,29,0.806,2025,36
347,MIL,Road,1,22,52,0.703,2025,74
348,MIL,Road,2,23,51,0.689,2025,74
349,MIL,Road,3,19,55,0.743,2025,74
350,MIL,Road,4,24,50,0.676,2025,74
351,MIL,Road,5,19,55,0.743,2025,74
352,MIL,Road,6,26,48,0.649,2025,74
353,MIL,Road,7,17,57,0.77,2025,74
354,MIL,Road,8,23,51,0.689,2025,74
355,MIL,Road,9,21,53,0.716,2025,74
172,MIL,Total,1,35,111,0.76,2025,146
173,MIL,Total,2,41,105,0.719,2025,146
174,MIL,Total,3,44,102,0.699,2025,146
175,MIL,Total,4,53,93,0.637,2025,146
176,MIL,Total,5,42,104,0.712,2025,146
177,MIL,Total,6,42,104,0.712,2025,146
178,MIL,Total,7,32,114,0.781,2025,146
179,MIL,Total,8,41,105,0.719,2025,146
180,MIL,Total,9,28,82,0.745,2025,110
358,MIN,Home,1,19,52,0.732,2025,71
359,MIN,Home,2,19,52,0.732,2025,71
360,MIN,Home,3,20,51,0.718,2025,71
361,MIN,Home,4,22,49,0.69,2025,71
362,MIN,Home,5,23,48,0.676,2025,71
363,MIN,Home,6,26,45,0.634,2025,71
364,MIN,Home,7,15,56,0.789,2025,71
365,MIN,Home,8,10,60,0.857,2025,70
366,MIN,Home,9,6,38,0.864,2025,44
369,MIN,Road,1,21,53,0.716,2025,74
370,MIN,Road,2,17,57,0.77,2025,74
371,MIN,Road,3,13,61,0.824,2025,74
372,MIN,Road,4,27,47,0.635,2025,74
373,MIN,Road,5,18,56,0.757,2025,74
374,MIN,Road,6,25,49,0.662,2025,74
375,MIN,Road,7,20,53,0.726,2025,73
376,MIN,Road,8,16,57,0.781,2025,73
377,MIN,Road,9,22,51,0.699,2025,73
183,MIN,Total,1,40,105,0.724,2025,145
184,MIN,Total,2,36,109,0.752,2025,145
185,MIN,Total,3,33,112,0.772,2025,145
186,MIN,Total,4,49,96,0.662,2025,145
187,MIN,Total,5,41,104,0.717,2025,145
188,MIN,Total,6,51,94,0.648,2025,145
189,MIN,Total,7,35,109,0.757,2025,144
190,MIN,Total,8,26,117,0.818,2025,143
191,MIN,Total,9,28,89,0.761,2025,117
380,NYM,Home,1,26,46,0.639,2025,72
381,NYM,Home,2,21,51,0.708,2025,72
382,NYM,Home,3,26,46,0.639,2025,72
383,NYM,Home,4,21,51,0.708,2025,72
384,NYM,Home,5,20,52,0.722,2025,72
385,NYM,Home,6,17,55,0.764,2025,72
386,NYM,Home,7,19,53,0.736,2025,72
387,NYM,Home,8,26,46,0.639,2025,72
388,NYM,Home,9,7,27,0.794,2025,34
393,NYM,Road,1,17,56,0.767,2025,73
394,NYM,Road,2,19,54,0.74,2025,73
395,NYM,Road,3,25,48,0.658,2025,73
396,NYM,Road,4,16,57,0.781,2025,73
397,NYM,Road,5,20,53,0.726,2025,73
398,NYM,Road,6,18,55,0.753,2025,73
399,NYM,Road,7,19,54,0.74,2025,73
400,NYM,Road,8,18,55,0.753,2025,73
401,NYM,Road,9,23,50,0.685,2025,73
194,NYM,Total,1,43,102,0.703,2025,145
195,NYM,Total,2,40,105,0.724,2025,145
196,NYM,Total,3,51,94,0.648,2025,145
197,NYM,Total,4,37,108,0.745,2025,145
198,NYM,Total,5,40,105,0.724,2025,145
199,NYM,Total,6,35,110,0.759,2025,145
200,NYM,Total,7,38,107,0.738,2025,145
201,NYM,Total,8,44,101,0.697,2025,145
202,NYM,Total,9,30,77,0.72,2025,107
404,NYY,Home,1,25,48,0.658,2025,73
405,NYY,Home,2,24,49,0.671,2025,73
406,NYY,Home,3,24,49,0.671,2025,73
407,NYY,Home,4,20,53,0.726,2025,73
408,NYY,Home,5,19,54,0.74,2025,73
409,NYY,Home,6,20,52,0.722,2025,72
410,NYY,Home,7,19,53,0.736,2025,72
411,NYY,Home,8,20,52,0.722,2025,72
412,NYY,Home,9,6,27,0.818,2025,33
415,NYY,Road,1,29,42,0.592,2025,71
416,NYY,Road,2,19,52,0.732,2025,71
417,NYY,Road,3,16,55,0.775,2025,71
418,NYY,Road,4,23,48,0.676,2025,71
419,NYY,Road,5,24,47,0.662,2025,71
420,NYY,Road,6,19,52,0.732,2025,71
421,NYY,Road,7,28,43,0.606,2025,71
422,NYY,Road,8,21,50,0.704,2025,71
423,NYY,Road,9,21,50,0.704,2025,71
207,NYY,Total,1,54,90,0.625,2025,144
208,NYY,Total,2,43,101,0.701,2025,144
209,NYY,Total,3,40,104,0.722,2025,144
210,NYY,Total,4,43,101,0.701,2025,144
211,NYY,Total,5,43,101,0.701,2025,144
212,NYY,Total,6,39,104,0.727,2025,143
213,NYY,Total,7,47,96,0.671,2025,143
214,NYY,Total,8,41,102,0.713,2025,143
215,NYY,Total,9,27,77,0.74,2025,104
426,OAK,Home,1,24,47,0.662,2025,71
427,OAK,Home,2,19,52,0.732,2025,71
428,OAK,Home,3,27,44,0.62,2025,71
429,OAK,Home,4,15,56,0.789,2025,71
430,OAK,Home,5,21,50,0.704,2025,71
431,OAK,Home,6,13,58,0.817,2025,71
432,OAK,Home,7,20,51,0.718,2025,71
433,OAK,Home,8,17,54,0.761,2025,71
434,OAK,Home,9,11,38,0.776,2025,49
437,OAK,Road,1,22,53,0.707,2025,75
438,OAK,Road,2,18,57,0.76,2025,75
439,OAK,Road,3,18,57,0.76,2025,75
440,OAK,Road,4,27,48,0.64,2025,75
441,OAK,Road,5,19,56,0.747,2025,75
442,OAK,Road,6,27,48,0.64,2025,75
443,OAK,Road,7,15,60,0.8,2025,75
444,OAK,Road,8,21,54,0.72,2025,75
445,OAK,Road,9,25,50,0.667,2025,75
218,OAK,Total,1,46,100,0.685,2025,146
219,OAK,Total,2,37,109,0.747,2025,146
220,OAK,Total,3,45,101,0.692,2025,146
221,OAK,Total,4,42,104,0.712,2025,146
222,OAK,Total,5,40,106,0.726,2025,146
223,OAK,Total,6,40,106,0.726,2025,146
224,OAK,Total,7,35,111,0.76,2025,146
225,OAK,Total,8,38,108,0.74,2025,146
226,OAK,Total,9,36,88,0.71,2025,124
448,PHI,Home,1,27,43,0.614,2025,70
449,PHI,Home,2,19,51,0.729,2025,70
450,PHI,Home,3,17,53,0.757,2025,70
451,PHI,Home,4,29,41,0.586,2025,70
452,PHI,Home,5,21,49,0.7,2025,70
453,PHI,Home,6,16,54,0.771,2025,70
454,PHI,Home,7,26,44,0.629,2025,70
455,PHI,Home,8,30,40,0.571,2025,70
456,PHI,Home,9,5,22,0.815,2025,27
459,PHI,Road,1,20,55,0.733,2025,75
460,PHI,Road,2,15,60,0.8,2025,75
461,PHI,Road,3,15,60,0.8,2025,75
462,PHI,Road,4,20,55,0.733,2025,75
463,PHI,Road,5,17,58,0.773,2025,75
464,PHI,Road,6,15,60,0.8,2025,75
465,PHI,Road,7,19,56,0.747,2025,75
466,PHI,Road,8,18,57,0.76,2025,75
467,PHI,Road,9,19,56,0.747,2025,75
229,PHI,Total,1,47,98,0.676,2025,145
230,PHI,Total,2,34,111,0.766,2025,145
231,PHI,Total,3,32,113,0.779,2025,145
232,PHI,Total,4,49,96,0.662,2025,145
233,PHI,Total,5,38,107,0.738,2025,145
234,PHI,Total,6,31,114,0.786,2025,145
235,PHI,Total,7,45,100,0.69,2025,145
236,PHI,Total,8,48,97,0.669,2025,145
237,PHI,Total,9,24,78,0.765,2025,102
470,PIT,Home,1,21,54,0.72,2025,75
471,PIT,Home,2,22,53,0.707,2025,75
472,PIT,Home,3,22,53,0.707,2025,75
473,PIT,Home,4,17,58,0.773,2025,75
474,PIT,Home,5,17,58,0.773,2025,75
475,PIT,Home,6,15,60,0.8,2025,75
476,PIT,Home,7,20,55,0.733,2025,75
477,PIT,Home,8,19,56,0.747,2025,75
478,PIT,Home,9,8,31,0.795,2025,39
483,PIT,Road,1,18,52,0.743,2025,70
484,PIT,Road,2,12,58,0.829,2025,70
485,PIT,Road,3,10,60,0.857,2025,70
486,PIT,Road,4,13,57,0.814,2025,70
487,PIT,Road,5,22,48,0.686,2025,70
488,PIT,Road,6,19,51,0.729,2025,70
489,PIT,Road,7,13,57,0.814,2025,70
490,PIT,Road,8,11,59,0.843,2025,70
491,PIT,Road,9,13,57,0.814,2025,70
240,PIT,Total,1,39,106,0.731,2025,145
241,PIT,Total,2,34,111,0.766,2025,145
242,PIT,Total,3,32,113,0.779,2025,145
243,PIT,Total,4,30,115,0.793,2025,145
244,PIT,Total,5,39,106,0.731,2025,145
245,PIT,Total,6,34,111,0.766,2025,145
246,PIT,Total,7,33,112,0.772,2025,145
247,PIT,Total,8,30,115,0.793,2025,145
248,PIT,Total,9,21,88,0.807,2025,109
495,SD,Home,1,16,54,0.771,2025,70
496,SD,Home,2,17,53,0.757,2025,70
497,SD,Home,3,23,47,0.671,2025,70
498,SD,Home,4,18,52,0.743,2025,70
499,SD,Home,5,21,49,0.7,2025,70
500,SD,Home,6,21,49,0.7,2025,70
501,SD,Home,7,29,41,0.586,2025,70
502,SD,Home,8,16,54,0.771,2025,70
503,SD,Home,9,4,29,0.879,2025,33
506,SD,Road,1,20,55,0.733,2025,75
507,SD,Road,2,23,52,0.693,2025,75
508,SD,Road,3,19,56,0.747,2025,75
509,SD,Road,4,18,57,0.76,2025,75
510,SD,Road,5,17,58,0.773,2025,75
511,SD,Road,6,12,63,0.84,2025,75
512,SD,Road,7,23,52,0.693,2025,75
513,SD,Road,8,16,59,0.787,2025,75
514,SD,Road,9,18,57,0.76,2025,75
253,SD,Total,1,36,109,0.752,2025,145
254,SD,Total,2,40,105,0.724,2025,145
255,SD,Total,3,42,103,0.71,2025,145
256,SD,Total,4,36,109,0.752,2025,145
257,SD,Total,5,38,107,0.738,2025,145
258,SD,Total,6,33,112,0.772,2025,145
259,SD,Total,7,52,93,0.641,2025,145
260,SD,Total,8,32,113,0.779,2025,145
261,SD,Total,9,22,86,0.796,2025,108
517,SEA,Home,1,14,56,0.8,2025,70
518,SEA,Home,2,24,46,0.657,2025,70
519,SEA,Home,3,16,54,0.771,2025,70
520,SEA,Home,4,21,49,0.7,2025,70
521,SEA,Home,5,14,56,0.8,2025,70
522,SEA,Home,6,19,51,0.729,2025,70
523,SEA,Home,7,20,50,0.714,2025,70
524,SEA,Home,8,13,57,0.814,2025,70
525,SEA,Home,9,4,31,0.886,2025,35
529,SEA,Road,1,27,48,0.64,2025,75
530,SEA,Road,2,17,58,0.773,2025,75
531,SEA,Road,3,19,56,0.747,2025,75
532,SEA,Road,4,21,54,0.72,2025,75
533,SEA,Road,5,19,56,0.747,2025,75
534,SEA,Road,6,25,50,0.667,2025,75
535,SEA,Road,7,24,51,0.68,2025,75
536,SEA,Road,8,16,59,0.787,2025,75
537,SEA,Road,9,26,49,0.653,2025,75
264,SEA,Total,1,41,104,0.717,2025,145
265,SEA,Total,2,41,104,0.717,2025,145
266,SEA,Total,3,35,110,0.759,2025,145
267,SEA,Total,4,42,103,0.71,2025,145
268,SEA,Total,5,33,112,0.772,2025,145
269,SEA,Total,6,44,101,0.697,2025,145
270,SEA,Total,7,44,101,0.697,2025,145
271,SEA,Total,8,29,116,0.8,2025,145
272,SEA,Total,9,30,80,0.727,2025,110
541,SF,Home,1,22,49,0.69,2025,71
542,SF,Home,2,15,56,0.789,2025,71
543,SF,Home,3,17,54,0.761,2025,71
544,SF,Home,4,21,50,0.704,2025,71
545,SF,Home,5,20,51,0.718,2025,71
546,SF,Home,6,19,52,0.732,2025,71
547,SF,Home,7,12,59,0.831,2025,71
548,SF,Home,8,17,54,0.761,2025,71
549,SF,Home,9,5,39,0.886,2025,44
552,SF,Road,1,24,50,0.676,2025,74
553,SF,Road,2,19,55,0.743,2025,74
554,SF,Road,3,17,57,0.77,2025,74
555,SF,Road,4,19,55,0.743,2025,74
556,SF,Road,5,23,51,0.689,2025,74
557,SF,Road,6,21,53,0.716,2025,74
558,SF,Road,7,17,56,0.767,2025,73
559,SF,Road,8,16,57,0.781,2025,73
560,SF,Road,9,16,57,0.781,2025,73
276,SF,Total,1,46,99,0.683,2025,145
277,SF,Total,2,34,111,0.766,2025,145
278,SF,Total,3,34,111,0.766,2025,145
279,SF,Total,4,40,105,0.724,2025,145
280,SF,Total,5,43,102,0.703,2025,145
281,SF,Total,6,40,105,0.724,2025,145
282,SF,Total,7,29,115,0.799,2025,144
283,SF,Total,8,33,111,0.771,2025,144
284,SF,Total,9,21,96,0.821,2025,117
563,STL,Home,1,15,60,0.8,2025,75
564,STL,Home,2,21,54,0.72,2025,75
565,STL,Home,3,20,55,0.733,2025,75
566,STL,Home,4,18,57,0.76,2025,75
567,STL,Home,5,18,57,0.76,2025,75
568,STL,Home,6,28,47,0.627,2025,75
569,STL,Home,7,19,56,0.747,2025,75
570,STL,Home,8,17,58,0.773,2025,75
571,STL,Home,9,5,35,0.875,2025,40
574,STL,Road,1,18,53,0.746,2025,71
575,STL,Road,2,16,55,0.775,2025,71
576,STL,Road,3,15,56,0.789,2025,71
577,STL,Road,4,23,48,0.676,2025,71
578,STL,Road,5,16,55,0.775,2025,71
579,STL,Road,6,19,52,0.732,2025,71
580,STL,Road,7,20,51,0.718,2025,71
581,STL,Road,8,22,49,0.69,2025,71
582,STL,Road,9,25,46,0.648,2025,71
287,STL,Total,1,33,113,0.774,2025,146
288,STL,Total,2,37,109,0.747,2025,146
289,STL,Total,3,35,111,0.76,2025,146
290,STL,Total,4,41,105,0.719,2025,146
291,STL,Total,5,34,112,0.767,2025,146
292,STL,Total,6,47,99,0.678,2025,146
293,STL,Total,7,39,107,0.733,2025,146
294,STL,Total,8,39,107,0.733,2025,146
295,STL,Total,9,30,81,0.73,2025,111
587,TB,Home,1,25,49,0.662,2025,74
588,TB,Home,2,16,58,0.784,2025,74
589,TB,Home,3,22,52,0.703,2025,74
590,TB,Home,4,28,46,0.622,2025,74
591,TB,Home,5,15,59,0.797,2025,74
592,TB,Home,6,21,53,0.716,2025,74
593,TB,Home,7,18,56,0.757,2025,74
594,TB,Home,8,21,53,0.716,2025,74
595,TB,Home,9,8,33,0.805,2025,41
597,TB,Road,1,16,54,0.771,2025,70
598,TB,Road,2,18,52,0.743,2025,70
599,TB,Road,3,24,46,0.657,2025,70
600,TB,Road,4,26,44,0.629,2025,70
601,TB,Road,5,18,52,0.743,2025,70
602,TB,Road,6,13,57,0.814,2025,70
603,TB,Road,7,17,53,0.757,2025,70
604,TB,Road,8,12,58,0.829,2025,70
605,TB,Road,9,15,55,0.786,2025,70
300,TB,Total,1,41,103,0.715,2025,144
301,TB,Total,2,34,110,0.764,2025,144
302,TB,Total,3,46,98,0.681,2025,144
303,TB,Total,4,54,90,0.625,2025,144
304,TB,Total,5,33,111,0.771,2025,144
305,TB,Total,6,34,110,0.764,2025,144
306,TB,Total,7,35,109,0.757,2025,144
307,TB,Total,8,33,111,0.771,2025,144
308,TB,Total,9,23,88,0.793,2025,111
608,TEX,Home,1,17,57,0.77,2025,74
609,TEX,Home,2,22,52,0.703,2025,74
610,TEX,Home,3,21,53,0.716,2025,74
611,TEX,Home,4,17,57,0.77,2025,74
612,TEX,Home,5,17,57,0.77,2025,74
613,TEX,Home,6,20,54,0.73,2025,74
614,TEX,Home,7,19,55,0.743,2025,74
615,TEX,Home,8,13,61,0.824,2025,74
616,TEX,Home,9,6,31,0.838,2025,37
620,TEX,Road,1,21,51,0.708,2025,72
621,TEX,Road,2,17,55,0.764,2025,72
622,TEX,Road,3,26,46,0.639,2025,72
623,TEX,Road,4,21,51,0.708,2025,72
624,TEX,Road,5,22,50,0.694,2025,72
625,TEX,Road,6,20,52,0.722,2025,72
626,TEX,Road,7,15,57,0.792,2025,72
627,TEX,Road,8,20,52,0.722,2025,72
628,TEX,Road,9,17,55,0.764,2025,72
311,TEX,Total,1,38,108,0.74,2025,146
312,TEX,Total,2,39,107,0.733,2025,146
313,TEX,Total,3,47,99,0.678,2025,146
314,TEX,Total,4,38,108,0.74,2025,146
315,TEX,Total,5,39,107,0.733,2025,146
316,TEX,Total,6,40,106,0.726,2025,146
317,TEX,Total,7,34,112,0.767,2025,146
318,TEX,Total,8,33,113,0.774,2025,146
319,TEX,Total,9,23,86,0.789,2025,109
631,TOR,Home,1,21,49,0.7,2025,70
632,TOR,Home,2,18,52,0.743,2025,70
633,TOR,Home,3,24,46,0.657,2025,70
634,TOR,Home,4,17,53,0.757,2025,70
635,TOR,Home,5,23,47,0.671,2025,70
636,TOR,Home,6,26,44,0.629,2025,70
637,TOR,Home,7,22,48,0.686,2025,70
638,TOR,Home,8,23,47,0.671,2025,70
639,TOR,Home,9,7,25,0.781,2025,32
643,TOR,Road,1,19,55,0.743,2025,74
644,TOR,Road,2,18,56,0.757,2025,74
645,TOR,Road,3,23,51,0.689,2025,74
646,TOR,Road,4,19,55,0.743,2025,74
647,TOR,Road,5,21,53,0.716,2025,74
648,TOR,Road,6,21,53,0.716,2025,74
649,TOR,Road,7,20,54,0.73,2025,74
650,TOR,Road,8,19,54,0.74,2025,73
651,TOR,Road,9,18,55,0.753,2025,73
323,TOR,Total,1,40,104,0.722,2025,144
324,TOR,Total,2,36,108,0.75,2025,144
325,TOR,Total,3,47,97,0.674,2025,144
326,TOR,Total,4,36,108,0.75,2025,144
327,TOR,Total,5,44,100,0.694,2025,144
328,TOR,Total,6,47,97,0.674,2025,144
329,TOR,Total,7,42,102,0.708,2025,144
330,TOR,Total,8,42,101,0.706,2025,143
331,TOR,Total,9,25,80,0.762,2025,105
655,WSH,Home,1,21,50,0.704,2025,71
656,WSH,Home,2,18,53,0.746,2025,71
657,WSH,Home,3,17,54,0.761,2025,71
658,WSH,Home,4,19,52,0.732,2025,71
659,WSH,Home,5,13,58,0.817,2025,71
660,WSH,Home,6,18,53,0.746,2025,71
661,WSH,Home,7,14,57,0.803,2025,71
662,WSH,Home,8,15,56,0.789,2025,71
663,WSH,Home,9,13,34,0.723,2025,47
666,WSH,Road,1,19,54,0.74,2025,73
667,WSH,Road,2,15,58,0.795,2025,73
668,WSH,Road,3,11,62,0.849,2025,73
669,WSH,Road,4,24,49,0.671,2025,73
670,WSH,Road,5,19,54,0.74,2025,73
671,WSH,Road,6,25,48,0.658,2025,73
672,WSH,Road,7,22,51,0.699,2025,73
673,WSH,Road,8,18,55,0.753,2025,73
674,WSH,Road,9,24,49,0.671,2025,73
335,WSH,Total,1,40,104,0.722,2025,144
336,WSH,Total,2,33,111,0.771,2025,144
337,WSH,Total,3,28,116,0.806,2025,144
338,WSH,Total,4,43,101,0.701,2025,144
339,WSH,Total,5,32,112,0.778,2025,144
340,WSH,Total,6,43,101,0.701,2025,144
341,WSH,Total,7,36,108,0.75,2025,144
342,WSH,Total,8,33,111,0.771,2025,144
343,WSH,Total,9,37,83,0.692,2025,120
