,BatterTeam,Split,inning,YRA,NRA,NRA%,Year,Apps
0,ARI,Home,1,19,34,0.642,2025,53
1,ARI,Home,2,14,39,0.736,2025,53
2,ARI,Home,3,19,34,0.642,2025,53
3,ARI,Home,4,19,34,0.642,2025,53
4,ARI,Home,5,23,30,0.566,2025,53
5,ARI,Home,6,14,39,0.736,2025,53
6,ARI,Home,7,13,40,0.755,2025,53
7,ARI,Home,8,17,36,0.679,2025,53
8,ARI,Home,9,10,20,0.667,2025,30
11,ARI,Road,1,14,35,0.714,2025,49
12,ARI,Road,2,18,31,0.633,2025,49
13,ARI,Road,3,17,32,0.653,2025,49
14,ARI,Road,4,17,32,0.653,2025,49
15,ARI,Road,5,18,31,0.633,2025,49
16,ARI,Road,6,9,40,0.816,2025,49
17,ARI,Road,7,12,37,0.755,2025,49
18,ARI,Road,8,14,35,0.714,2025,49
19,ARI,Road,9,14,35,0.714,2025,49
0,ARI,Total,1,33,69,0.676,2025,102
1,ARI,Total,2,32,70,0.686,2025,102
2,ARI,Total,3,36,66,0.647,2025,102
3,ARI,Total,4,36,66,0.647,2025,102
4,ARI,Total,5,41,61,0.598,2025,102
5,ARI,Total,6,23,79,0.775,2025,102
6,ARI,Total,7,25,77,0.755,2025,102
7,ARI,Total,8,31,71,0.696,2025,102
8,ARI,Total,9,24,55,0.696,2025,79
22,ATL,Home,1,16,35,0.686,2025,51
23,ATL,Home,2,9,42,0.824,2025,51
24,ATL,Home,3,15,36,0.706,2025,51
25,ATL,Home,4,11,40,0.784,2025,51
26,ATL,Home,5,14,37,0.725,2025,51
27,ATL,Home,6,16,35,0.686,2025,51
28,ATL,Home,7,10,41,0.804,2025,51
29,ATL,Home,8,10,41,0.804,2025,51
30,ATL,Home,9,7,23,0.767,2025,30
33,ATL,Road,1,15,34,0.694,2025,49
34,ATL,Road,2,13,36,0.735,2025,49
35,ATL,Road,3,13,36,0.735,2025,49
36,ATL,Road,4,13,36,0.735,2025,49
37,ATL,Road,5,12,37,0.755,2025,49
38,ATL,Road,6,10,39,0.796,2025,49
39,ATL,Road,7,11,38,0.776,2025,49
40,ATL,Road,8,14,35,0.714,2025,49
41,ATL,Road,9,12,37,0.755,2025,49
11,ATL,Total,1,31,69,0.69,2025,100
12,ATL,Total,2,22,78,0.78,2025,100
13,ATL,Total,3,28,72,0.72,2025,100
14,ATL,Total,4,24,76,0.76,2025,100
15,ATL,Total,5,26,74,0.74,2025,100
16,ATL,Total,6,26,74,0.74,2025,100
17,ATL,Total,7,21,79,0.79,2025,100
18,ATL,Total,8,24,76,0.76,2025,100
19,ATL,Total,9,19,60,0.759,2025,79
44,BAL,Home,1,10,37,0.787,2025,47
45,BAL,Home,2,13,34,0.723,2025,47
46,BAL,Home,3,18,29,0.617,2025,47
47,BAL,Home,4,7,40,0.851,2025,47
48,BAL,Home,5,12,35,0.745,2025,47
49,BAL,Home,6,15,32,0.681,2025,47
50,BAL,Home,7,14,33,0.702,2025,47
51,BAL,Home,8,14,33,0.702,2025,47
52,BAL,Home,9,5,20,0.8,2025,25
54,BAL,Road,1,15,38,0.717,2025,53
55,BAL,Road,2,9,44,0.83,2025,53
56,BAL,Road,3,15,38,0.717,2025,53
57,BAL,Road,4,12,41,0.774,2025,53
58,BAL,Road,5,13,40,0.755,2025,53
59,BAL,Road,6,14,39,0.736,2025,53
60,BAL,Road,7,13,40,0.755,2025,53
61,BAL,Road,8,8,45,0.849,2025,53
62,BAL,Road,9,8,45,0.849,2025,53
22,BAL,Total,1,25,75,0.75,2025,100
23,BAL,Total,2,22,78,0.78,2025,100
24,BAL,Total,3,33,67,0.67,2025,100
25,BAL,Total,4,19,81,0.81,2025,100
26,BAL,Total,5,25,75,0.75,2025,100
27,BAL,Total,6,29,71,0.71,2025,100
28,BAL,Total,7,27,73,0.73,2025,100
29,BAL,Total,8,22,78,0.78,2025,100
30,BAL,Total,9,13,65,0.833,2025,78
65,BOS,Home,1,18,34,0.654,2025,52
66,BOS,Home,2,14,38,0.731,2025,52
67,BOS,Home,3,15,37,0.712,2025,52
68,BOS,Home,4,11,41,0.788,2025,52
69,BOS,Home,5,19,33,0.635,2025,52
70,BOS,Home,6,18,34,0.654,2025,52
71,BOS,Home,7,18,34,0.654,2025,52
72,BOS,Home,8,18,34,0.654,2025,52
73,BOS,Home,9,5,23,0.821,2025,28
76,BOS,Road,1,15,36,0.706,2025,51
77,BOS,Road,2,14,37,0.725,2025,51
78,BOS,Road,3,15,36,0.706,2025,51
79,BOS,Road,4,15,36,0.706,2025,51
80,BOS,Road,5,12,39,0.765,2025,51
81,BOS,Road,6,15,36,0.706,2025,51
82,BOS,Road,7,11,40,0.784,2025,51
83,BOS,Road,8,9,42,0.824,2025,51
84,BOS,Road,9,13,38,0.745,2025,51
33,BOS,Total,1,33,70,0.68,2025,103
34,BOS,Total,2,28,75,0.728,2025,103
35,BOS,Total,3,30,73,0.709,2025,103
36,BOS,Total,4,26,77,0.748,2025,103
37,BOS,Total,5,31,72,0.699,2025,103
38,BOS,Total,6,33,70,0.68,2025,103
39,BOS,Total,7,29,74,0.718,2025,103
40,BOS,Total,8,27,76,0.738,2025,103
41,BOS,Total,9,18,61,0.772,2025,79
88,CHC,Home,1,17,34,0.667,2025,51
89,CHC,Home,2,21,30,0.588,2025,51
90,CHC,Home,3,14,37,0.725,2025,51
91,CHC,Home,4,14,37,0.725,2025,51
92,CHC,Home,5,19,32,0.627,2025,51
93,CHC,Home,6,10,41,0.804,2025,51
94,CHC,Home,7,13,38,0.745,2025,51
95,CHC,Home,8,14,37,0.725,2025,51
96,CHC,Home,9,4,19,0.826,2025,23
99,CHC,Road,1,15,35,0.7,2025,50
100,CHC,Road,2,13,37,0.74,2025,50
101,CHC,Road,3,11,39,0.78,2025,50
102,CHC,Road,4,20,30,0.6,2025,50
103,CHC,Road,5,13,37,0.74,2025,50
104,CHC,Road,6,16,34,0.68,2025,50
105,CHC,Road,7,18,32,0.64,2025,50
106,CHC,Road,8,19,31,0.62,2025,50
107,CHC,Road,9,13,37,0.74,2025,50
45,CHC,Total,1,32,69,0.683,2025,101
46,CHC,Total,2,34,67,0.663,2025,101
47,CHC,Total,3,25,76,0.752,2025,101
48,CHC,Total,4,34,67,0.663,2025,101
49,CHC,Total,5,32,69,0.683,2025,101
50,CHC,Total,6,26,75,0.743,2025,101
51,CHC,Total,7,31,70,0.693,2025,101
52,CHC,Total,8,33,68,0.673,2025,101
53,CHC,Total,9,17,56,0.767,2025,73
110,CIN,Home,1,20,30,0.6,2025,50
111,CIN,Home,2,11,39,0.78,2025,50
112,CIN,Home,3,16,34,0.68,2025,50
113,CIN,Home,4,13,37,0.74,2025,50
114,CIN,Home,5,14,36,0.72,2025,50
115,CIN,Home,6,15,35,0.7,2025,50
116,CIN,Home,7,14,35,0.714,2025,49
117,CIN,Home,8,7,42,0.857,2025,49
118,CIN,Home,9,6,20,0.769,2025,26
121,CIN,Road,1,12,40,0.769,2025,52
122,CIN,Road,2,7,45,0.865,2025,52
123,CIN,Road,3,17,35,0.673,2025,52
124,CIN,Road,4,18,34,0.654,2025,52
125,CIN,Road,5,19,33,0.635,2025,52
126,CIN,Road,6,16,36,0.692,2025,52
127,CIN,Road,7,8,44,0.846,2025,52
128,CIN,Road,8,18,34,0.654,2025,52
129,CIN,Road,9,16,36,0.692,2025,52
56,CIN,Total,1,32,70,0.686,2025,102
57,CIN,Total,2,18,84,0.824,2025,102
58,CIN,Total,3,33,69,0.676,2025,102
59,CIN,Total,4,31,71,0.696,2025,102
60,CIN,Total,5,33,69,0.676,2025,102
61,CIN,Total,6,31,71,0.696,2025,102
62,CIN,Total,7,22,79,0.782,2025,101
63,CIN,Total,8,25,76,0.752,2025,101
64,CIN,Total,9,22,56,0.718,2025,78
132,CLE,Home,1,13,35,0.729,2025,48
133,CLE,Home,2,5,43,0.896,2025,48
134,CLE,Home,3,11,37,0.771,2025,48
135,CLE,Home,4,18,30,0.625,2025,48
136,CLE,Home,5,8,40,0.833,2025,48
137,CLE,Home,6,16,32,0.667,2025,48
138,CLE,Home,7,12,36,0.75,2025,48
139,CLE,Home,8,8,40,0.833,2025,48
140,CLE,Home,9,4,24,0.857,2025,28
142,CLE,Road,1,12,40,0.769,2025,52
143,CLE,Road,2,9,43,0.827,2025,52
144,CLE,Road,3,17,35,0.673,2025,52
145,CLE,Road,4,14,38,0.731,2025,52
146,CLE,Road,5,12,40,0.769,2025,52
147,CLE,Road,6,15,37,0.712,2025,52
148,CLE,Road,7,12,40,0.769,2025,52
149,CLE,Road,8,12,40,0.769,2025,52
150,CLE,Road,9,13,39,0.75,2025,52
67,CLE,Total,1,25,75,0.75,2025,100
68,CLE,Total,2,14,86,0.86,2025,100
69,CLE,Total,3,28,72,0.72,2025,100
70,CLE,Total,4,32,68,0.68,2025,100
71,CLE,Total,5,20,80,0.8,2025,100
72,CLE,Total,6,31,69,0.69,2025,100
73,CLE,Total,7,24,76,0.76,2025,100
74,CLE,Total,8,20,80,0.8,2025,100
75,CLE,Total,9,17,63,0.788,2025,80
153,COL,Home,1,17,34,0.667,2025,51
154,COL,Home,2,17,34,0.667,2025,51
155,COL,Home,3,21,30,0.588,2025,51
156,COL,Home,4,16,35,0.686,2025,51
157,COL,Home,5,14,37,0.725,2025,51
158,COL,Home,6,10,41,0.804,2025,51
159,COL,Home,7,9,42,0.824,2025,51
160,COL,Home,8,15,36,0.706,2025,51
161,COL,Home,9,12,27,0.692,2025,39
164,COL,Road,1,9,41,0.82,2025,50
165,COL,Road,2,5,45,0.9,2025,50
166,COL,Road,3,11,39,0.78,2025,50
167,COL,Road,4,7,43,0.86,2025,50
168,COL,Road,5,10,40,0.8,2025,50
169,COL,Road,6,13,37,0.74,2025,50
170,COL,Road,7,14,36,0.72,2025,50
171,COL,Road,8,11,39,0.78,2025,50
172,COL,Road,9,8,42,0.84,2025,50
78,COL,Total,1,26,75,0.743,2025,101
79,COL,Total,2,22,79,0.782,2025,101
80,COL,Total,3,32,69,0.683,2025,101
81,COL,Total,4,23,78,0.772,2025,101
82,COL,Total,5,24,77,0.762,2025,101
83,COL,Total,6,23,78,0.772,2025,101
84,COL,Total,7,23,78,0.772,2025,101
85,COL,Total,8,26,75,0.743,2025,101
86,COL,Total,9,20,69,0.775,2025,89
175,CWS,Home,1,14,36,0.72,2025,50
176,CWS,Home,2,13,37,0.74,2025,50
177,CWS,Home,3,9,41,0.82,2025,50
178,CWS,Home,4,13,37,0.74,2025,50
179,CWS,Home,5,10,40,0.8,2025,50
180,CWS,Home,6,14,36,0.72,2025,50
181,CWS,Home,7,11,37,0.771,2025,48
182,CWS,Home,8,14,34,0.708,2025,48
183,CWS,Home,9,3,28,0.903,2025,31
186,CWS,Road,1,17,35,0.673,2025,52
187,CWS,Road,2,10,42,0.808,2025,52
188,CWS,Road,3,9,43,0.827,2025,52
189,CWS,Road,4,16,36,0.692,2025,52
190,CWS,Road,5,12,40,0.769,2025,52
191,CWS,Road,6,13,39,0.75,2025,52
192,CWS,Road,7,12,40,0.769,2025,52
193,CWS,Road,8,9,42,0.824,2025,51
194,CWS,Road,9,11,40,0.784,2025,51
89,CWS,Total,1,31,71,0.696,2025,102
90,CWS,Total,2,23,79,0.775,2025,102
91,CWS,Total,3,18,84,0.824,2025,102
92,CWS,Total,4,29,73,0.716,2025,102
93,CWS,Total,5,22,80,0.784,2025,102
94,CWS,Total,6,27,75,0.735,2025,102
95,CWS,Total,7,23,77,0.77,2025,100
96,CWS,Total,8,23,76,0.768,2025,99
97,CWS,Total,9,14,68,0.829,2025,82
197,DET,Home,1,16,34,0.68,2025,50
198,DET,Home,2,15,35,0.7,2025,50
199,DET,Home,3,14,36,0.72,2025,50
200,DET,Home,4,19,31,0.62,2025,50
201,DET,Home,5,22,28,0.56,2025,50
202,DET,Home,6,11,39,0.78,2025,50
203,DET,Home,7,19,31,0.62,2025,50
204,DET,Home,8,9,41,0.82,2025,50
205,DET,Home,9,3,18,0.857,2025,21
208,DET,Road,1,14,38,0.731,2025,52
209,DET,Road,2,14,38,0.731,2025,52
210,DET,Road,3,15,37,0.712,2025,52
211,DET,Road,4,16,36,0.692,2025,52
212,DET,Road,5,9,43,0.827,2025,52
213,DET,Road,6,7,45,0.865,2025,52
214,DET,Road,7,14,38,0.731,2025,52
215,DET,Road,8,18,34,0.654,2025,52
216,DET,Road,9,12,40,0.769,2025,52
100,DET,Total,1,30,72,0.706,2025,102
101,DET,Total,2,29,73,0.716,2025,102
102,DET,Total,3,29,73,0.716,2025,102
103,DET,Total,4,35,67,0.657,2025,102
104,DET,Total,5,31,71,0.696,2025,102
105,DET,Total,6,18,84,0.824,2025,102
106,DET,Total,7,33,69,0.676,2025,102
107,DET,Total,8,27,75,0.735,2025,102
108,DET,Total,9,15,58,0.795,2025,73
218,HOU,Home,1,12,40,0.769,2025,52
219,HOU,Home,2,10,42,0.808,2025,52
220,HOU,Home,3,17,35,0.673,2025,52
221,HOU,Home,4,14,38,0.731,2025,52
222,HOU,Home,5,16,36,0.692,2025,52
223,HOU,Home,6,16,36,0.692,2025,52
224,HOU,Home,7,10,42,0.808,2025,52
225,HOU,Home,8,17,35,0.673,2025,52
226,HOU,Home,9,2,23,0.92,2025,25
229,HOU,Road,1,11,38,0.776,2025,49
230,HOU,Road,2,11,38,0.776,2025,49
231,HOU,Road,3,11,38,0.776,2025,49
232,HOU,Road,4,8,41,0.837,2025,49
233,HOU,Road,5,12,37,0.755,2025,49
234,HOU,Road,6,17,32,0.653,2025,49
235,HOU,Road,7,14,35,0.714,2025,49
236,HOU,Road,8,14,34,0.708,2025,48
237,HOU,Road,9,10,38,0.792,2025,48
111,HOU,Total,1,23,78,0.772,2025,101
112,HOU,Total,2,21,80,0.792,2025,101
113,HOU,Total,3,28,73,0.723,2025,101
114,HOU,Total,4,22,79,0.782,2025,101
115,HOU,Total,5,28,73,0.723,2025,101
116,HOU,Total,6,33,68,0.673,2025,101
117,HOU,Total,7,24,77,0.762,2025,101
118,HOU,Total,8,31,69,0.69,2025,100
119,HOU,Total,9,12,61,0.836,2025,73
241,KC,Home,1,12,38,0.76,2025,50
242,KC,Home,2,9,41,0.82,2025,50
243,KC,Home,3,10,40,0.8,2025,50
244,KC,Home,4,9,41,0.82,2025,50
245,KC,Home,5,12,38,0.76,2025,50
246,KC,Home,6,11,39,0.78,2025,50
247,KC,Home,7,11,39,0.78,2025,50
248,KC,Home,8,12,38,0.76,2025,50
249,KC,Home,9,9,22,0.71,2025,31
253,KC,Road,1,16,36,0.692,2025,52
254,KC,Road,2,13,39,0.75,2025,52
255,KC,Road,3,10,42,0.808,2025,52
256,KC,Road,4,15,37,0.712,2025,52
257,KC,Road,5,20,32,0.615,2025,52
258,KC,Road,6,6,46,0.885,2025,52
259,KC,Road,7,7,45,0.865,2025,52
260,KC,Road,8,14,38,0.731,2025,52
261,KC,Road,9,10,42,0.808,2025,52
123,KC,Total,1,28,74,0.725,2025,102
124,KC,Total,2,22,80,0.784,2025,102
125,KC,Total,3,20,82,0.804,2025,102
126,KC,Total,4,24,78,0.765,2025,102
127,KC,Total,5,32,70,0.686,2025,102
128,KC,Total,6,17,85,0.833,2025,102
129,KC,Total,7,18,84,0.824,2025,102
130,KC,Total,8,26,76,0.745,2025,102
131,KC,Total,9,19,64,0.771,2025,83
264,LAA,Home,1,14,33,0.702,2025,47
265,LAA,Home,2,11,36,0.766,2025,47
266,LAA,Home,3,10,37,0.787,2025,47
267,LAA,Home,4,17,30,0.638,2025,47
268,LAA,Home,5,12,35,0.745,2025,47
269,LAA,Home,6,11,36,0.766,2025,47
270,LAA,Home,7,12,35,0.745,2025,47
271,LAA,Home,8,11,36,0.766,2025,47
272,LAA,Home,9,7,22,0.759,2025,29
275,LAA,Road,1,22,32,0.593,2025,54
276,LAA,Road,2,16,38,0.704,2025,54
277,LAA,Road,3,15,39,0.722,2025,54
278,LAA,Road,4,14,40,0.741,2025,54
279,LAA,Road,5,15,39,0.722,2025,54
280,LAA,Road,6,11,43,0.796,2025,54
281,LAA,Road,7,16,38,0.704,2025,54
282,LAA,Road,8,12,42,0.778,2025,54
283,LAA,Road,9,12,42,0.778,2025,54
135,LAA,Total,1,36,65,0.644,2025,101
136,LAA,Total,2,27,74,0.733,2025,101
137,LAA,Total,3,25,76,0.752,2025,101
138,LAA,Total,4,31,70,0.693,2025,101
139,LAA,Total,5,27,74,0.733,2025,101
140,LAA,Total,6,22,79,0.782,2025,101
141,LAA,Total,7,28,73,0.723,2025,101
142,LAA,Total,8,23,78,0.772,2025,101
143,LAA,Total,9,19,64,0.771,2025,83
286,LAD,Home,1,21,34,0.618,2025,55
287,LAD,Home,2,21,34,0.618,2025,55
288,LAD,Home,3,16,39,0.709,2025,55
289,LAD,Home,4,14,41,0.745,2025,55
290,LAD,Home,5,15,40,0.727,2025,55
291,LAD,Home,6,24,31,0.564,2025,55
292,LAD,Home,7,15,40,0.727,2025,55
293,LAD,Home,8,15,40,0.727,2025,55
294,LAD,Home,9,9,19,0.679,2025,28
296,LAD,Road,1,13,34,0.723,2025,47
297,LAD,Road,2,12,35,0.745,2025,47
298,LAD,Road,3,10,37,0.787,2025,47
299,LAD,Road,4,11,36,0.766,2025,47
300,LAD,Road,5,14,33,0.702,2025,47
301,LAD,Road,6,18,29,0.617,2025,47
302,LAD,Road,7,16,31,0.66,2025,47
303,LAD,Road,8,10,37,0.787,2025,47
304,LAD,Road,9,13,34,0.723,2025,47
146,LAD,Total,1,34,68,0.667,2025,102
147,LAD,Total,2,33,69,0.676,2025,102
148,LAD,Total,3,26,76,0.745,2025,102
149,LAD,Total,4,25,77,0.755,2025,102
150,LAD,Total,5,29,73,0.716,2025,102
151,LAD,Total,6,42,60,0.588,2025,102
152,LAD,Total,7,31,71,0.696,2025,102
153,LAD,Total,8,25,77,0.755,2025,102
154,LAD,Total,9,22,53,0.707,2025,75
309,MIA,Home,1,14,38,0.731,2025,52
310,MIA,Home,2,14,38,0.731,2025,52
311,MIA,Home,3,11,41,0.788,2025,52
312,MIA,Home,4,9,43,0.827,2025,52
313,MIA,Home,5,14,38,0.731,2025,52
314,MIA,Home,6,16,36,0.692,2025,52
315,MIA,Home,7,12,40,0.769,2025,52
316,MIA,Home,8,10,42,0.808,2025,52
317,MIA,Home,9,7,29,0.806,2025,36
321,MIA,Road,1,13,35,0.729,2025,48
322,MIA,Road,2,10,38,0.792,2025,48
323,MIA,Road,3,11,37,0.771,2025,48
324,MIA,Road,4,10,38,0.792,2025,48
325,MIA,Road,5,15,33,0.688,2025,48
326,MIA,Road,6,11,37,0.771,2025,48
327,MIA,Road,7,16,32,0.667,2025,48
328,MIA,Road,8,19,29,0.604,2025,48
329,MIA,Road,9,9,39,0.812,2025,48
159,MIA,Total,1,27,73,0.73,2025,100
160,MIA,Total,2,24,76,0.76,2025,100
161,MIA,Total,3,22,78,0.78,2025,100
162,MIA,Total,4,19,81,0.81,2025,100
163,MIA,Total,5,29,71,0.71,2025,100
164,MIA,Total,6,27,73,0.73,2025,100
165,MIA,Total,7,28,72,0.72,2025,100
166,MIA,Total,8,29,71,0.71,2025,100
167,MIA,Total,9,16,68,0.81,2025,84
332,MIL,Home,1,6,44,0.88,2025,50
333,MIL,Home,2,10,40,0.8,2025,50
334,MIL,Home,3,15,35,0.7,2025,50
335,MIL,Home,4,17,33,0.66,2025,50
336,MIL,Home,5,16,34,0.68,2025,50
337,MIL,Home,6,9,41,0.82,2025,50
338,MIL,Home,7,11,39,0.78,2025,50
339,MIL,Home,8,12,38,0.76,2025,50
340,MIL,Home,9,6,17,0.739,2025,23
343,MIL,Road,1,16,35,0.686,2025,51
344,MIL,Road,2,13,38,0.745,2025,51
345,MIL,Road,3,12,39,0.765,2025,51
346,MIL,Road,4,18,33,0.647,2025,51
347,MIL,Road,5,13,38,0.745,2025,51
348,MIL,Road,6,17,34,0.667,2025,51
349,MIL,Road,7,9,42,0.824,2025,51
350,MIL,Road,8,16,35,0.686,2025,51
351,MIL,Road,9,14,37,0.725,2025,51
171,MIL,Total,1,22,79,0.782,2025,101
172,MIL,Total,2,23,78,0.772,2025,101
173,MIL,Total,3,27,74,0.733,2025,101
174,MIL,Total,4,35,66,0.653,2025,101
175,MIL,Total,5,29,72,0.713,2025,101
176,MIL,Total,6,26,75,0.743,2025,101
177,MIL,Total,7,20,81,0.802,2025,101
178,MIL,Total,8,28,73,0.723,2025,101
179,MIL,Total,9,20,54,0.73,2025,74
353,MIN,Home,1,16,32,0.667,2025,48
354,MIN,Home,2,12,36,0.75,2025,48
355,MIN,Home,3,12,36,0.75,2025,48
356,MIN,Home,4,13,35,0.729,2025,48
357,MIN,Home,5,14,34,0.708,2025,48
358,MIN,Home,6,20,28,0.583,2025,48
359,MIN,Home,7,11,37,0.771,2025,48
360,MIN,Home,8,8,39,0.83,2025,47
361,MIN,Home,9,3,23,0.885,2025,26
363,MIN,Road,1,14,39,0.736,2025,53
364,MIN,Road,2,14,39,0.736,2025,53
365,MIN,Road,3,9,44,0.83,2025,53
366,MIN,Road,4,18,35,0.66,2025,53
367,MIN,Road,5,11,42,0.792,2025,53
368,MIN,Road,6,16,37,0.698,2025,53
369,MIN,Road,7,13,39,0.75,2025,52
370,MIN,Road,8,13,39,0.75,2025,52
371,MIN,Road,9,18,34,0.654,2025,52
182,MIN,Total,1,30,71,0.703,2025,101
183,MIN,Total,2,26,75,0.743,2025,101
184,MIN,Total,3,21,80,0.792,2025,101
185,MIN,Total,4,31,70,0.693,2025,101
186,MIN,Total,5,25,76,0.752,2025,101
187,MIN,Total,6,36,65,0.644,2025,101
188,MIN,Total,7,24,76,0.76,2025,100
189,MIN,Total,8,21,78,0.788,2025,99
190,MIN,Total,9,21,57,0.731,2025,78
374,NYM,Home,1,17,35,0.673,2025,52
375,NYM,Home,2,14,38,0.731,2025,52
376,NYM,Home,3,20,32,0.615,2025,52
377,NYM,Home,4,15,37,0.712,2025,52
378,NYM,Home,5,13,39,0.75,2025,52
379,NYM,Home,6,10,42,0.808,2025,52
380,NYM,Home,7,12,40,0.769,2025,52
381,NYM,Home,8,20,32,0.615,2025,52
382,NYM,Home,9,5,17,0.773,2025,22
387,NYM,Road,1,11,39,0.78,2025,50
388,NYM,Road,2,12,38,0.76,2025,50
389,NYM,Road,3,14,36,0.72,2025,50
390,NYM,Road,4,8,42,0.84,2025,50
391,NYM,Road,5,14,36,0.72,2025,50
392,NYM,Road,6,13,37,0.74,2025,50
393,NYM,Road,7,11,39,0.78,2025,50
394,NYM,Road,8,16,34,0.68,2025,50
395,NYM,Road,9,14,36,0.72,2025,50
193,NYM,Total,1,28,74,0.725,2025,102
194,NYM,Total,2,26,76,0.745,2025,102
195,NYM,Total,3,34,68,0.667,2025,102
196,NYM,Total,4,23,79,0.775,2025,102
197,NYM,Total,5,27,75,0.735,2025,102
198,NYM,Total,6,23,79,0.775,2025,102
199,NYM,Total,7,23,79,0.775,2025,102
200,NYM,Total,8,36,66,0.647,2025,102
201,NYM,Total,9,19,53,0.736,2025,72
398,NYY,Home,1,15,34,0.694,2025,49
399,NYY,Home,2,16,33,0.673,2025,49
400,NYY,Home,3,15,34,0.694,2025,49
401,NYY,Home,4,13,36,0.735,2025,49
402,NYY,Home,5,14,35,0.714,2025,49
403,NYY,Home,6,16,32,0.667,2025,48
404,NYY,Home,7,13,35,0.729,2025,48
405,NYY,Home,8,13,35,0.729,2025,48
406,NYY,Home,9,5,16,0.762,2025,21
409,NYY,Road,1,20,32,0.615,2025,52
410,NYY,Road,2,12,40,0.769,2025,52
411,NYY,Road,3,12,40,0.769,2025,52
412,NYY,Road,4,14,38,0.731,2025,52
413,NYY,Road,5,18,34,0.654,2025,52
414,NYY,Road,6,14,38,0.731,2025,52
415,NYY,Road,7,21,31,0.596,2025,52
416,NYY,Road,8,16,36,0.692,2025,52
417,NYY,Road,9,16,36,0.692,2025,52
206,NYY,Total,1,35,66,0.653,2025,101
207,NYY,Total,2,28,73,0.723,2025,101
208,NYY,Total,3,27,74,0.733,2025,101
209,NYY,Total,4,27,74,0.733,2025,101
210,NYY,Total,5,32,69,0.683,2025,101
211,NYY,Total,6,30,70,0.7,2025,100
212,NYY,Total,7,34,66,0.66,2025,100
213,NYY,Total,8,29,71,0.71,2025,100
214,NYY,Total,9,21,52,0.712,2025,73
420,OAK,Home,1,17,34,0.667,2025,51
421,OAK,Home,2,17,34,0.667,2025,51
422,OAK,Home,3,18,33,0.647,2025,51
423,OAK,Home,4,11,40,0.784,2025,51
424,OAK,Home,5,13,38,0.745,2025,51
425,OAK,Home,6,10,41,0.804,2025,51
426,OAK,Home,7,15,36,0.706,2025,51
427,OAK,Home,8,11,40,0.784,2025,51
428,OAK,Home,9,9,28,0.757,2025,37
431,OAK,Road,1,14,38,0.731,2025,52
432,OAK,Road,2,11,41,0.788,2025,52
433,OAK,Road,3,11,41,0.788,2025,52
434,OAK,Road,4,17,35,0.673,2025,52
435,OAK,Road,5,15,37,0.712,2025,52
436,OAK,Road,6,17,35,0.673,2025,52
437,OAK,Road,7,10,42,0.808,2025,52
438,OAK,Road,8,12,40,0.769,2025,52
439,OAK,Road,9,17,35,0.673,2025,52
217,OAK,Total,1,31,72,0.699,2025,103
218,OAK,Total,2,28,75,0.728,2025,103
219,OAK,Total,3,29,74,0.718,2025,103
220,OAK,Total,4,28,75,0.728,2025,103
221,OAK,Total,5,28,75,0.728,2025,103
222,OAK,Total,6,27,76,0.738,2025,103
223,OAK,Total,7,25,78,0.757,2025,103
224,OAK,Total,8,23,80,0.777,2025,103
225,OAK,Total,9,26,63,0.708,2025,89
442,PHI,Home,1,21,30,0.588,2025,51
443,PHI,Home,2,11,40,0.784,2025,51
444,PHI,Home,3,11,40,0.784,2025,51
445,PHI,Home,4,21,30,0.588,2025,51
446,PHI,Home,5,18,33,0.647,2025,51
447,PHI,Home,6,13,38,0.745,2025,51
448,PHI,Home,7,19,32,0.627,2025,51
449,PHI,Home,8,18,33,0.647,2025,51
450,PHI,Home,9,5,16,0.762,2025,21
453,PHI,Road,1,13,37,0.74,2025,50
454,PHI,Road,2,10,40,0.8,2025,50
455,PHI,Road,3,10,40,0.8,2025,50
456,PHI,Road,4,12,38,0.76,2025,50
457,PHI,Road,5,10,40,0.8,2025,50
458,PHI,Road,6,10,40,0.8,2025,50
459,PHI,Road,7,12,38,0.76,2025,50
460,PHI,Road,8,13,37,0.74,2025,50
461,PHI,Road,9,11,39,0.78,2025,50
228,PHI,Total,1,34,67,0.663,2025,101
229,PHI,Total,2,21,80,0.792,2025,101
230,PHI,Total,3,21,80,0.792,2025,101
231,PHI,Total,4,33,68,0.673,2025,101
232,PHI,Total,5,28,73,0.723,2025,101
233,PHI,Total,6,23,78,0.772,2025,101
234,PHI,Total,7,31,70,0.693,2025,101
235,PHI,Total,8,31,70,0.693,2025,101
236,PHI,Total,9,16,55,0.775,2025,71
464,PIT,Home,1,13,39,0.75,2025,52
465,PIT,Home,2,12,40,0.769,2025,52
466,PIT,Home,3,14,38,0.731,2025,52
467,PIT,Home,4,13,39,0.75,2025,52
468,PIT,Home,5,13,39,0.75,2025,52
469,PIT,Home,6,10,42,0.808,2025,52
470,PIT,Home,7,14,38,0.731,2025,52
471,PIT,Home,8,11,41,0.788,2025,52
472,PIT,Home,9,6,23,0.793,2025,29
477,PIT,Road,1,9,41,0.82,2025,50
478,PIT,Road,2,9,41,0.82,2025,50
479,PIT,Road,3,6,44,0.88,2025,50
480,PIT,Road,4,9,41,0.82,2025,50
481,PIT,Road,5,16,34,0.68,2025,50
482,PIT,Road,6,12,38,0.76,2025,50
483,PIT,Road,7,9,41,0.82,2025,50
484,PIT,Road,8,8,42,0.84,2025,50
485,PIT,Road,9,8,42,0.84,2025,50
239,PIT,Total,1,22,80,0.784,2025,102
240,PIT,Total,2,21,81,0.794,2025,102
241,PIT,Total,3,20,82,0.804,2025,102
242,PIT,Total,4,22,80,0.784,2025,102
243,PIT,Total,5,29,73,0.716,2025,102
244,PIT,Total,6,22,80,0.784,2025,102
245,PIT,Total,7,23,79,0.775,2025,102
246,PIT,Total,8,19,83,0.814,2025,102
247,PIT,Total,9,14,65,0.823,2025,79
489,SD,Home,1,12,37,0.755,2025,49
490,SD,Home,2,12,37,0.755,2025,49
491,SD,Home,3,15,34,0.694,2025,49
492,SD,Home,4,13,36,0.735,2025,49
493,SD,Home,5,14,35,0.714,2025,49
494,SD,Home,6,16,33,0.673,2025,49
495,SD,Home,7,23,26,0.531,2025,49
496,SD,Home,8,12,37,0.755,2025,49
497,SD,Home,9,3,19,0.864,2025,22
500,SD,Road,1,15,37,0.712,2025,52
501,SD,Road,2,15,37,0.712,2025,52
502,SD,Road,3,14,38,0.731,2025,52
503,SD,Road,4,12,40,0.769,2025,52
504,SD,Road,5,11,41,0.788,2025,52
505,SD,Road,6,5,47,0.904,2025,52
506,SD,Road,7,15,37,0.712,2025,52
507,SD,Road,8,10,42,0.808,2025,52
508,SD,Road,9,13,39,0.75,2025,52
252,SD,Total,1,27,74,0.733,2025,101
253,SD,Total,2,27,74,0.733,2025,101
254,SD,Total,3,29,72,0.713,2025,101
255,SD,Total,4,25,76,0.752,2025,101
256,SD,Total,5,25,76,0.752,2025,101
257,SD,Total,6,21,80,0.792,2025,101
258,SD,Total,7,38,63,0.624,2025,101
259,SD,Total,8,22,79,0.782,2025,101
260,SD,Total,9,16,58,0.784,2025,74
511,SEA,Home,1,9,42,0.824,2025,51
512,SEA,Home,2,16,35,0.686,2025,51
513,SEA,Home,3,11,40,0.784,2025,51
514,SEA,Home,4,15,36,0.706,2025,51
515,SEA,Home,5,9,42,0.824,2025,51
516,SEA,Home,6,13,38,0.745,2025,51
517,SEA,Home,7,16,35,0.686,2025,51
518,SEA,Home,8,11,40,0.784,2025,51
519,SEA,Home,9,4,25,0.862,2025,29
523,SEA,Road,1,20,30,0.6,2025,50
524,SEA,Road,2,14,36,0.72,2025,50
525,SEA,Road,3,15,35,0.7,2025,50
526,SEA,Road,4,15,35,0.7,2025,50
527,SEA,Road,5,16,34,0.68,2025,50
528,SEA,Road,6,19,31,0.62,2025,50
529,SEA,Road,7,12,38,0.76,2025,50
530,SEA,Road,8,11,39,0.78,2025,50
531,SEA,Road,9,17,33,0.66,2025,50
263,SEA,Total,1,29,72,0.713,2025,101
264,SEA,Total,2,30,71,0.703,2025,101
265,SEA,Total,3,26,75,0.743,2025,101
266,SEA,Total,4,30,71,0.703,2025,101
267,SEA,Total,5,25,76,0.752,2025,101
268,SEA,Total,6,32,69,0.683,2025,101
269,SEA,Total,7,28,73,0.723,2025,101
270,SEA,Total,8,22,79,0.782,2025,101
271,SEA,Total,9,21,58,0.734,2025,79
535,SF,Home,1,11,37,0.771,2025,48
536,SF,Home,2,10,38,0.792,2025,48
537,SF,Home,3,12,36,0.75,2025,48
538,SF,Home,4,13,35,0.729,2025,48
539,SF,Home,5,15,33,0.688,2025,48
540,SF,Home,6,9,39,0.812,2025,48
541,SF,Home,7,7,41,0.854,2025,48
542,SF,Home,8,10,38,0.792,2025,48
543,SF,Home,9,4,25,0.862,2025,29
546,SF,Road,1,17,37,0.685,2025,54
547,SF,Road,2,14,40,0.741,2025,54
548,SF,Road,3,11,43,0.796,2025,54
549,SF,Road,4,13,41,0.759,2025,54
550,SF,Road,5,17,37,0.685,2025,54
551,SF,Road,6,15,39,0.722,2025,54
552,SF,Road,7,11,42,0.792,2025,53
553,SF,Road,8,13,40,0.755,2025,53
554,SF,Road,9,11,42,0.792,2025,53
275,SF,Total,1,28,74,0.725,2025,102
276,SF,Total,2,24,78,0.765,2025,102
277,SF,Total,3,23,79,0.775,2025,102
278,SF,Total,4,26,76,0.745,2025,102
279,SF,Total,5,32,70,0.686,2025,102
280,SF,Total,6,24,78,0.765,2025,102
281,SF,Total,7,18,83,0.822,2025,101
282,SF,Total,8,23,78,0.772,2025,101
283,SF,Total,9,15,67,0.817,2025,82
557,STL,Home,1,13,36,0.735,2025,49
558,STL,Home,2,14,35,0.714,2025,49
559,STL,Home,3,16,33,0.673,2025,49
560,STL,Home,4,11,38,0.776,2025,49
561,STL,Home,5,12,37,0.755,2025,49
562,STL,Home,6,18,31,0.633,2025,49
563,STL,Home,7,14,35,0.714,2025,49
564,STL,Home,8,14,35,0.714,2025,49
565,STL,Home,9,2,22,0.917,2025,24
568,STL,Road,1,15,38,0.717,2025,53
569,STL,Road,2,9,44,0.83,2025,53
570,STL,Road,3,11,42,0.792,2025,53
571,STL,Road,4,18,35,0.66,2025,53
572,STL,Road,5,11,42,0.792,2025,53
573,STL,Road,6,16,37,0.698,2025,53
574,STL,Road,7,12,41,0.774,2025,53
575,STL,Road,8,16,37,0.698,2025,53
576,STL,Road,9,18,35,0.66,2025,53
286,STL,Total,1,28,74,0.725,2025,102
287,STL,Total,2,23,79,0.775,2025,102
288,STL,Total,3,27,75,0.735,2025,102
289,STL,Total,4,29,73,0.716,2025,102
290,STL,Total,5,23,79,0.775,2025,102
291,STL,Total,6,34,68,0.667,2025,102
292,STL,Total,7,26,76,0.745,2025,102
293,STL,Total,8,30,72,0.706,2025,102
294,STL,Total,9,20,57,0.74,2025,77
581,TB,Home,1,18,40,0.69,2025,58
582,TB,Home,2,12,46,0.793,2025,58
583,TB,Home,3,18,40,0.69,2025,58
584,TB,Home,4,25,33,0.569,2025,58
585,TB,Home,5,10,48,0.828,2025,58
586,TB,Home,6,14,44,0.759,2025,58
587,TB,Home,7,14,44,0.759,2025,58
588,TB,Home,8,16,42,0.724,2025,58
589,TB,Home,9,7,25,0.781,2025,32
591,TB,Road,1,7,37,0.841,2025,44
592,TB,Road,2,10,34,0.773,2025,44
593,TB,Road,3,15,29,0.659,2025,44
594,TB,Road,4,17,27,0.614,2025,44
595,TB,Road,5,15,29,0.659,2025,44
596,TB,Road,6,10,34,0.773,2025,44
597,TB,Road,7,11,33,0.75,2025,44
598,TB,Road,8,7,37,0.841,2025,44
599,TB,Road,9,9,35,0.795,2025,44
299,TB,Total,1,25,77,0.755,2025,102
300,TB,Total,2,22,80,0.784,2025,102
301,TB,Total,3,33,69,0.676,2025,102
302,TB,Total,4,42,60,0.588,2025,102
303,TB,Total,5,25,77,0.755,2025,102
304,TB,Total,6,24,78,0.765,2025,102
305,TB,Total,7,25,77,0.755,2025,102
306,TB,Total,8,23,79,0.775,2025,102
307,TB,Total,9,16,60,0.789,2025,76
602,TEX,Home,1,9,41,0.82,2025,50
603,TEX,Home,2,11,39,0.78,2025,50
604,TEX,Home,3,13,37,0.74,2025,50
605,TEX,Home,4,11,39,0.78,2025,50
606,TEX,Home,5,10,40,0.8,2025,50
607,TEX,Home,6,16,34,0.68,2025,50
608,TEX,Home,7,14,36,0.72,2025,50
609,TEX,Home,8,9,41,0.82,2025,50
610,TEX,Home,9,2,22,0.917,2025,24
614,TEX,Road,1,18,34,0.654,2025,52
615,TEX,Road,2,11,41,0.788,2025,52
616,TEX,Road,3,17,35,0.673,2025,52
617,TEX,Road,4,15,37,0.712,2025,52
618,TEX,Road,5,15,37,0.712,2025,52
619,TEX,Road,6,13,39,0.75,2025,52
620,TEX,Road,7,11,41,0.788,2025,52
621,TEX,Road,8,14,38,0.731,2025,52
622,TEX,Road,9,10,42,0.808,2025,52
310,TEX,Total,1,27,75,0.735,2025,102
311,TEX,Total,2,22,80,0.784,2025,102
312,TEX,Total,3,30,72,0.706,2025,102
313,TEX,Total,4,26,76,0.745,2025,102
314,TEX,Total,5,25,77,0.755,2025,102
315,TEX,Total,6,29,73,0.716,2025,102
316,TEX,Total,7,25,77,0.755,2025,102
317,TEX,Total,8,23,79,0.775,2025,102
318,TEX,Total,9,12,64,0.842,2025,76
625,TOR,Home,1,16,37,0.698,2025,53
626,TOR,Home,2,12,41,0.774,2025,53
627,TOR,Home,3,21,32,0.604,2025,53
628,TOR,Home,4,12,41,0.774,2025,53
629,TOR,Home,5,18,35,0.66,2025,53
630,TOR,Home,6,19,34,0.642,2025,53
631,TOR,Home,7,16,37,0.698,2025,53
632,TOR,Home,8,19,34,0.642,2025,53
633,TOR,Home,9,4,20,0.833,2025,24
637,TOR,Road,1,12,36,0.75,2025,48
638,TOR,Road,2,10,38,0.792,2025,48
639,TOR,Road,3,14,34,0.708,2025,48
640,TOR,Road,4,11,37,0.771,2025,48
641,TOR,Road,5,16,32,0.667,2025,48
642,TOR,Road,6,13,35,0.729,2025,48
643,TOR,Road,7,11,37,0.771,2025,48
644,TOR,Road,8,11,36,0.766,2025,47
645,TOR,Road,9,8,39,0.83,2025,47
322,TOR,Total,1,28,73,0.723,2025,101
323,TOR,Total,2,22,79,0.782,2025,101
324,TOR,Total,3,35,66,0.653,2025,101
325,TOR,Total,4,23,78,0.772,2025,101
326,TOR,Total,5,34,67,0.663,2025,101
327,TOR,Total,6,32,69,0.683,2025,101
328,TOR,Total,7,27,74,0.733,2025,101
329,TOR,Total,8,30,70,0.7,2025,100
330,TOR,Total,9,12,59,0.831,2025,71
648,WSH,Home,1,17,34,0.667,2025,51
649,WSH,Home,2,15,36,0.706,2025,51
650,WSH,Home,3,11,40,0.784,2025,51
651,WSH,Home,4,12,39,0.765,2025,51
652,WSH,Home,5,9,42,0.824,2025,51
653,WSH,Home,6,13,38,0.745,2025,51
654,WSH,Home,7,13,38,0.745,2025,51
655,WSH,Home,8,11,40,0.784,2025,51
656,WSH,Home,9,9,25,0.735,2025,34
659,WSH,Road,1,12,38,0.76,2025,50
660,WSH,Road,2,12,38,0.76,2025,50
661,WSH,Road,3,5,45,0.9,2025,50
662,WSH,Road,4,16,34,0.68,2025,50
663,WSH,Road,5,11,39,0.78,2025,50
664,WSH,Road,6,16,34,0.68,2025,50
665,WSH,Road,7,16,34,0.68,2025,50
666,WSH,Road,8,13,37,0.74,2025,50
667,WSH,Road,9,17,33,0.66,2025,50
334,WSH,Total,1,29,72,0.713,2025,101
335,WSH,Total,2,27,74,0.733,2025,101
336,WSH,Total,3,16,85,0.842,2025,101
337,WSH,Total,4,28,73,0.723,2025,101
338,WSH,Total,5,20,81,0.802,2025,101
339,WSH,Total,6,29,72,0.713,2025,101
340,WSH,Total,7,29,72,0.713,2025,101
341,WSH,Total,8,24,77,0.762,2025,101
342,WSH,Total,9,26,58,0.69,2025,84
