,BatterTeam,Split,inning,YRA,NRA,NRA%,Year,Apps
0,ARI,Home,1,29,36,0.554,2025,65
1,ARI,Home,2,17,48,0.738,2025,65
2,ARI,Home,3,24,41,0.631,2025,65
3,ARI,Home,4,24,41,0.631,2025,65
4,ARI,Home,5,28,37,0.569,2025,65
5,ARI,Home,6,14,51,0.785,2025,65
6,ARI,Home,7,15,50,0.769,2025,65
7,ARI,Home,8,21,44,0.677,2025,65
8,ARI,Home,9,12,25,0.676,2025,37
11,ARI,Road,1,18,47,0.723,2025,65
12,ARI,Road,2,22,43,0.662,2025,65
13,ARI,Road,3,22,43,0.662,2025,65
14,ARI,Road,4,20,45,0.692,2025,65
15,ARI,Road,5,21,44,0.677,2025,65
16,ARI,Road,6,13,52,0.8,2025,65
17,ARI,Road,7,18,47,0.723,2025,65
18,ARI,Road,8,15,50,0.769,2025,65
19,ARI,Road,9,20,45,0.692,2025,65
0,ARI,Total,1,47,83,0.638,2025,130
1,ARI,Total,2,39,91,0.7,2025,130
2,ARI,Total,3,46,84,0.646,2025,130
3,ARI,Total,4,44,86,0.662,2025,130
4,ARI,Total,5,49,81,0.623,2025,130
5,ARI,Total,6,27,103,0.792,2025,130
6,ARI,Total,7,33,97,0.746,2025,130
7,ARI,Total,8,36,94,0.723,2025,130
8,ARI,Total,9,32,70,0.686,2025,102
22,ATL,Home,1,20,45,0.692,2025,65
23,ATL,Home,2,10,55,0.846,2025,65
24,ATL,Home,3,17,48,0.738,2025,65
25,ATL,Home,4,18,47,0.723,2025,65
26,ATL,Home,5,18,47,0.723,2025,65
27,ATL,Home,6,21,44,0.677,2025,65
28,ATL,Home,7,16,49,0.754,2025,65
29,ATL,Home,8,14,51,0.785,2025,65
30,ATL,Home,9,9,29,0.763,2025,38
33,ATL,Road,1,16,48,0.75,2025,64
34,ATL,Road,2,18,46,0.719,2025,64
35,ATL,Road,3,14,50,0.781,2025,64
36,ATL,Road,4,21,43,0.672,2025,64
37,ATL,Road,5,14,50,0.781,2025,64
38,ATL,Road,6,17,47,0.734,2025,64
39,ATL,Road,7,15,49,0.766,2025,64
40,ATL,Road,8,18,46,0.719,2025,64
41,ATL,Road,9,17,47,0.734,2025,64
11,ATL,Total,1,36,93,0.721,2025,129
12,ATL,Total,2,28,101,0.783,2025,129
13,ATL,Total,3,31,98,0.76,2025,129
14,ATL,Total,4,39,90,0.698,2025,129
15,ATL,Total,5,32,97,0.752,2025,129
16,ATL,Total,6,38,91,0.705,2025,129
17,ATL,Total,7,31,98,0.76,2025,129
18,ATL,Total,8,32,97,0.752,2025,129
19,ATL,Total,9,26,76,0.745,2025,102
44,BAL,Home,1,17,46,0.73,2025,63
45,BAL,Home,2,19,44,0.698,2025,63
46,BAL,Home,3,21,42,0.667,2025,63
47,BAL,Home,4,12,51,0.81,2025,63
48,BAL,Home,5,17,46,0.73,2025,63
49,BAL,Home,6,19,44,0.698,2025,63
50,BAL,Home,7,22,41,0.651,2025,63
51,BAL,Home,8,20,43,0.683,2025,63
52,BAL,Home,9,5,29,0.853,2025,34
54,BAL,Road,1,16,50,0.758,2025,66
55,BAL,Road,2,10,56,0.848,2025,66
56,BAL,Road,3,19,47,0.712,2025,66
57,BAL,Road,4,17,49,0.742,2025,66
58,BAL,Road,5,17,49,0.742,2025,66
59,BAL,Road,6,15,51,0.773,2025,66
60,BAL,Road,7,18,48,0.727,2025,66
61,BAL,Road,8,12,54,0.818,2025,66
62,BAL,Road,9,10,56,0.848,2025,66
22,BAL,Total,1,33,96,0.744,2025,129
23,BAL,Total,2,29,100,0.775,2025,129
24,BAL,Total,3,40,89,0.69,2025,129
25,BAL,Total,4,29,100,0.775,2025,129
26,BAL,Total,5,34,95,0.736,2025,129
27,BAL,Total,6,34,95,0.736,2025,129
28,BAL,Total,7,40,89,0.69,2025,129
29,BAL,Total,8,32,97,0.752,2025,129
30,BAL,Total,9,15,85,0.85,2025,100
66,BOS,Home,1,23,43,0.652,2025,66
67,BOS,Home,2,15,51,0.773,2025,66
68,BOS,Home,3,21,45,0.682,2025,66
69,BOS,Home,4,16,50,0.758,2025,66
70,BOS,Home,5,21,45,0.682,2025,66
71,BOS,Home,6,20,46,0.697,2025,66
72,BOS,Home,7,24,42,0.636,2025,66
73,BOS,Home,8,19,47,0.712,2025,66
74,BOS,Home,9,7,28,0.8,2025,35
77,BOS,Road,1,17,47,0.734,2025,64
78,BOS,Road,2,17,47,0.734,2025,64
79,BOS,Road,3,20,44,0.688,2025,64
80,BOS,Road,4,17,47,0.734,2025,64
81,BOS,Road,5,19,45,0.703,2025,64
82,BOS,Road,6,19,45,0.703,2025,64
83,BOS,Road,7,16,48,0.75,2025,64
84,BOS,Road,8,11,53,0.828,2025,64
85,BOS,Road,9,21,43,0.672,2025,64
34,BOS,Total,1,40,90,0.692,2025,130
35,BOS,Total,2,32,98,0.754,2025,130
36,BOS,Total,3,41,89,0.685,2025,130
37,BOS,Total,4,33,97,0.746,2025,130
38,BOS,Total,5,40,90,0.692,2025,130
39,BOS,Total,6,39,91,0.7,2025,130
40,BOS,Total,7,40,90,0.692,2025,130
41,BOS,Total,8,30,100,0.769,2025,130
42,BOS,Total,9,28,71,0.717,2025,99
89,CHC,Home,1,19,47,0.712,2025,66
90,CHC,Home,2,26,40,0.606,2025,66
91,CHC,Home,3,19,47,0.712,2025,66
92,CHC,Home,4,16,50,0.758,2025,66
93,CHC,Home,5,23,43,0.652,2025,66
94,CHC,Home,6,15,51,0.773,2025,66
95,CHC,Home,7,16,50,0.758,2025,66
96,CHC,Home,8,19,47,0.712,2025,66
97,CHC,Home,9,4,27,0.871,2025,31
100,CHC,Road,1,20,44,0.688,2025,64
101,CHC,Road,2,15,49,0.766,2025,64
102,CHC,Road,3,16,48,0.75,2025,64
103,CHC,Road,4,22,42,0.656,2025,64
104,CHC,Road,5,16,48,0.75,2025,64
105,CHC,Road,6,21,43,0.672,2025,64
106,CHC,Road,7,24,40,0.625,2025,64
107,CHC,Road,8,22,42,0.656,2025,64
108,CHC,Road,9,16,48,0.75,2025,64
46,CHC,Total,1,39,91,0.7,2025,130
47,CHC,Total,2,41,89,0.685,2025,130
48,CHC,Total,3,35,95,0.731,2025,130
49,CHC,Total,4,38,92,0.708,2025,130
50,CHC,Total,5,39,91,0.7,2025,130
51,CHC,Total,6,36,94,0.723,2025,130
52,CHC,Total,7,40,90,0.692,2025,130
53,CHC,Total,8,41,89,0.685,2025,130
54,CHC,Total,9,20,75,0.789,2025,95
111,CIN,Home,1,26,39,0.6,2025,65
112,CIN,Home,2,15,50,0.769,2025,65
113,CIN,Home,3,18,47,0.723,2025,65
114,CIN,Home,4,17,48,0.738,2025,65
115,CIN,Home,5,15,50,0.769,2025,65
116,CIN,Home,6,21,44,0.677,2025,65
117,CIN,Home,7,19,45,0.703,2025,64
118,CIN,Home,8,10,54,0.844,2025,64
119,CIN,Home,9,8,26,0.765,2025,34
122,CIN,Road,1,13,52,0.8,2025,65
123,CIN,Road,2,11,54,0.831,2025,65
124,CIN,Road,3,19,46,0.708,2025,65
125,CIN,Road,4,21,44,0.677,2025,65
126,CIN,Road,5,22,43,0.662,2025,65
127,CIN,Road,6,20,45,0.692,2025,65
128,CIN,Road,7,11,54,0.831,2025,65
129,CIN,Road,8,23,42,0.646,2025,65
130,CIN,Road,9,20,45,0.692,2025,65
57,CIN,Total,1,39,91,0.7,2025,130
58,CIN,Total,2,26,104,0.8,2025,130
59,CIN,Total,3,37,93,0.715,2025,130
60,CIN,Total,4,38,92,0.708,2025,130
61,CIN,Total,5,37,93,0.715,2025,130
62,CIN,Total,6,41,89,0.685,2025,130
63,CIN,Total,7,30,99,0.767,2025,129
64,CIN,Total,8,33,96,0.744,2025,129
65,CIN,Total,9,28,71,0.717,2025,99
133,CLE,Home,1,20,42,0.677,2025,62
134,CLE,Home,2,9,53,0.855,2025,62
135,CLE,Home,3,16,46,0.742,2025,62
136,CLE,Home,4,23,39,0.629,2025,62
137,CLE,Home,5,12,50,0.806,2025,62
138,CLE,Home,6,17,45,0.726,2025,62
139,CLE,Home,7,14,48,0.774,2025,62
140,CLE,Home,8,12,50,0.806,2025,62
141,CLE,Home,9,6,30,0.833,2025,36
143,CLE,Road,1,16,50,0.758,2025,66
144,CLE,Road,2,13,53,0.803,2025,66
145,CLE,Road,3,20,46,0.697,2025,66
146,CLE,Road,4,20,46,0.697,2025,66
147,CLE,Road,5,15,51,0.773,2025,66
148,CLE,Road,6,19,47,0.712,2025,66
149,CLE,Road,7,16,50,0.758,2025,66
150,CLE,Road,8,14,52,0.788,2025,66
151,CLE,Road,9,13,53,0.803,2025,66
68,CLE,Total,1,36,92,0.719,2025,128
69,CLE,Total,2,22,106,0.828,2025,128
70,CLE,Total,3,36,92,0.719,2025,128
71,CLE,Total,4,43,85,0.664,2025,128
72,CLE,Total,5,27,101,0.789,2025,128
73,CLE,Total,6,36,92,0.719,2025,128
74,CLE,Total,7,30,98,0.766,2025,128
75,CLE,Total,8,26,102,0.797,2025,128
76,CLE,Total,9,19,83,0.814,2025,102
154,COL,Home,1,22,44,0.667,2025,66
155,COL,Home,2,20,46,0.697,2025,66
156,COL,Home,3,25,41,0.621,2025,66
157,COL,Home,4,22,44,0.667,2025,66
158,COL,Home,5,20,46,0.697,2025,66
159,COL,Home,6,16,50,0.758,2025,66
160,COL,Home,7,13,53,0.803,2025,66
161,COL,Home,8,22,44,0.667,2025,66
162,COL,Home,9,14,34,0.708,2025,48
165,COL,Road,1,9,55,0.859,2025,64
166,COL,Road,2,9,55,0.859,2025,64
167,COL,Road,3,15,49,0.766,2025,64
168,COL,Road,4,11,53,0.828,2025,64
169,COL,Road,5,14,50,0.781,2025,64
170,COL,Road,6,16,48,0.75,2025,64
171,COL,Road,7,18,46,0.719,2025,64
172,COL,Road,8,14,50,0.781,2025,64
173,COL,Road,9,12,52,0.812,2025,64
79,COL,Total,1,31,99,0.762,2025,130
80,COL,Total,2,29,101,0.777,2025,130
81,COL,Total,3,40,90,0.692,2025,130
82,COL,Total,4,33,97,0.746,2025,130
83,COL,Total,5,34,96,0.738,2025,130
84,COL,Total,6,32,98,0.754,2025,130
85,COL,Total,7,31,99,0.762,2025,130
86,COL,Total,8,36,94,0.723,2025,130
87,COL,Total,9,26,86,0.768,2025,112
176,CWS,Home,1,18,46,0.719,2025,64
177,CWS,Home,2,17,47,0.734,2025,64
178,CWS,Home,3,12,52,0.812,2025,64
179,CWS,Home,4,17,47,0.734,2025,64
180,CWS,Home,5,14,50,0.781,2025,64
181,CWS,Home,6,17,47,0.734,2025,64
182,CWS,Home,7,14,48,0.774,2025,62
183,CWS,Home,8,20,42,0.677,2025,62
184,CWS,Home,9,5,34,0.872,2025,39
187,CWS,Road,1,20,45,0.692,2025,65
188,CWS,Road,2,14,51,0.785,2025,65
189,CWS,Road,3,13,52,0.8,2025,65
190,CWS,Road,4,19,46,0.708,2025,65
191,CWS,Road,5,14,51,0.785,2025,65
192,CWS,Road,6,18,47,0.723,2025,65
193,CWS,Road,7,15,50,0.769,2025,65
194,CWS,Road,8,13,51,0.797,2025,64
195,CWS,Road,9,14,50,0.781,2025,64
90,CWS,Total,1,38,91,0.705,2025,129
91,CWS,Total,2,31,98,0.76,2025,129
92,CWS,Total,3,25,104,0.806,2025,129
93,CWS,Total,4,36,93,0.721,2025,129
94,CWS,Total,5,28,101,0.783,2025,129
95,CWS,Total,6,35,94,0.729,2025,129
96,CWS,Total,7,29,98,0.772,2025,127
97,CWS,Total,8,33,93,0.738,2025,126
98,CWS,Total,9,19,84,0.816,2025,103
198,DET,Home,1,20,48,0.706,2025,68
199,DET,Home,2,21,47,0.691,2025,68
200,DET,Home,3,21,47,0.691,2025,68
201,DET,Home,4,25,43,0.632,2025,68
202,DET,Home,5,27,41,0.603,2025,68
203,DET,Home,6,19,49,0.721,2025,68
204,DET,Home,7,22,46,0.676,2025,68
205,DET,Home,8,14,54,0.794,2025,68
206,DET,Home,9,5,23,0.821,2025,28
209,DET,Road,1,16,47,0.746,2025,63
210,DET,Road,2,15,48,0.762,2025,63
211,DET,Road,3,20,43,0.683,2025,63
212,DET,Road,4,18,45,0.714,2025,63
213,DET,Road,5,9,54,0.857,2025,63
214,DET,Road,6,10,53,0.841,2025,63
215,DET,Road,7,18,45,0.714,2025,63
216,DET,Road,8,20,43,0.683,2025,63
217,DET,Road,9,15,48,0.762,2025,63
101,DET,Total,1,36,95,0.725,2025,131
102,DET,Total,2,36,95,0.725,2025,131
103,DET,Total,3,41,90,0.687,2025,131
104,DET,Total,4,43,88,0.672,2025,131
105,DET,Total,5,36,95,0.725,2025,131
106,DET,Total,6,29,102,0.779,2025,131
107,DET,Total,7,40,91,0.695,2025,131
108,DET,Total,8,34,97,0.74,2025,131
109,DET,Total,9,20,71,0.78,2025,91
220,HOU,Home,1,15,50,0.769,2025,65
221,HOU,Home,2,12,53,0.815,2025,65
222,HOU,Home,3,18,47,0.723,2025,65
223,HOU,Home,4,17,48,0.738,2025,65
224,HOU,Home,5,20,45,0.692,2025,65
225,HOU,Home,6,20,45,0.692,2025,65
226,HOU,Home,7,13,52,0.8,2025,65
227,HOU,Home,8,17,48,0.738,2025,65
228,HOU,Home,9,5,29,0.853,2025,34
232,HOU,Road,1,19,46,0.708,2025,65
233,HOU,Road,2,13,52,0.8,2025,65
234,HOU,Road,3,15,50,0.769,2025,65
235,HOU,Road,4,13,52,0.8,2025,65
236,HOU,Road,5,17,48,0.738,2025,65
237,HOU,Road,6,19,46,0.708,2025,65
238,HOU,Road,7,16,49,0.754,2025,65
239,HOU,Road,8,18,46,0.719,2025,64
240,HOU,Road,9,12,52,0.812,2025,64
112,HOU,Total,1,34,96,0.738,2025,130
113,HOU,Total,2,25,105,0.808,2025,130
114,HOU,Total,3,33,97,0.746,2025,130
115,HOU,Total,4,30,100,0.769,2025,130
116,HOU,Total,5,37,93,0.715,2025,130
117,HOU,Total,6,39,91,0.7,2025,130
118,HOU,Total,7,29,101,0.777,2025,130
119,HOU,Total,8,35,94,0.729,2025,129
120,HOU,Total,9,17,81,0.827,2025,98
244,KC,Home,1,22,44,0.667,2025,66
245,KC,Home,2,15,51,0.773,2025,66
246,KC,Home,3,14,52,0.788,2025,66
247,KC,Home,4,14,52,0.788,2025,66
248,KC,Home,5,17,49,0.742,2025,66
249,KC,Home,6,17,49,0.742,2025,66
250,KC,Home,7,16,50,0.758,2025,66
251,KC,Home,8,17,49,0.742,2025,66
252,KC,Home,9,10,27,0.73,2025,37
256,KC,Road,1,19,45,0.703,2025,64
257,KC,Road,2,14,50,0.781,2025,64
258,KC,Road,3,15,49,0.766,2025,64
259,KC,Road,4,20,44,0.688,2025,64
260,KC,Road,5,21,43,0.672,2025,64
261,KC,Road,6,10,54,0.844,2025,64
262,KC,Road,7,11,53,0.828,2025,64
263,KC,Road,8,18,46,0.719,2025,64
264,KC,Road,9,14,50,0.781,2025,64
124,KC,Total,1,41,89,0.685,2025,130
125,KC,Total,2,29,101,0.777,2025,130
126,KC,Total,3,29,101,0.777,2025,130
127,KC,Total,4,34,96,0.738,2025,130
128,KC,Total,5,38,92,0.708,2025,130
129,KC,Total,6,27,103,0.792,2025,130
130,KC,Total,7,27,103,0.792,2025,130
131,KC,Total,8,35,95,0.731,2025,130
132,KC,Total,9,24,77,0.762,2025,101
267,LAA,Home,1,21,47,0.691,2025,68
268,LAA,Home,2,14,54,0.794,2025,68
269,LAA,Home,3,14,54,0.794,2025,68
270,LAA,Home,4,21,47,0.691,2025,68
271,LAA,Home,5,20,48,0.706,2025,68
272,LAA,Home,6,17,51,0.75,2025,68
273,LAA,Home,7,18,50,0.735,2025,68
274,LAA,Home,8,16,52,0.765,2025,68
275,LAA,Home,9,8,35,0.814,2025,43
278,LAA,Road,1,24,37,0.607,2025,61
279,LAA,Road,2,18,43,0.705,2025,61
280,LAA,Road,3,16,45,0.738,2025,61
281,LAA,Road,4,15,46,0.754,2025,61
282,LAA,Road,5,20,41,0.672,2025,61
283,LAA,Road,6,12,49,0.803,2025,61
284,LAA,Road,7,17,44,0.721,2025,61
285,LAA,Road,8,15,46,0.754,2025,61
286,LAA,Road,9,13,48,0.787,2025,61
136,LAA,Total,1,45,84,0.651,2025,129
137,LAA,Total,2,32,97,0.752,2025,129
138,LAA,Total,3,30,99,0.767,2025,129
139,LAA,Total,4,36,93,0.721,2025,129
140,LAA,Total,5,40,89,0.69,2025,129
141,LAA,Total,6,29,100,0.775,2025,129
142,LAA,Total,7,35,94,0.729,2025,129
143,LAA,Total,8,31,98,0.76,2025,129
144,LAA,Total,9,21,83,0.798,2025,104
289,LAD,Home,1,26,39,0.6,2025,65
290,LAD,Home,2,23,42,0.646,2025,65
291,LAD,Home,3,19,46,0.708,2025,65
292,LAD,Home,4,17,48,0.738,2025,65
293,LAD,Home,5,18,47,0.723,2025,65
294,LAD,Home,6,25,40,0.615,2025,65
295,LAD,Home,7,19,46,0.708,2025,65
296,LAD,Home,8,19,46,0.708,2025,65
297,LAD,Home,9,9,23,0.719,2025,32
299,LAD,Road,1,20,45,0.692,2025,65
300,LAD,Road,2,18,47,0.723,2025,65
301,LAD,Road,3,15,50,0.769,2025,65
302,LAD,Road,4,16,49,0.754,2025,65
303,LAD,Road,5,18,47,0.723,2025,65
304,LAD,Road,6,21,44,0.677,2025,65
305,LAD,Road,7,20,45,0.692,2025,65
306,LAD,Road,8,14,51,0.785,2025,65
307,LAD,Road,9,18,47,0.723,2025,65
147,LAD,Total,1,46,84,0.646,2025,130
148,LAD,Total,2,41,89,0.685,2025,130
149,LAD,Total,3,34,96,0.738,2025,130
150,LAD,Total,4,33,97,0.746,2025,130
151,LAD,Total,5,36,94,0.723,2025,130
152,LAD,Total,6,46,84,0.646,2025,130
153,LAD,Total,7,39,91,0.7,2025,130
154,LAD,Total,8,33,97,0.746,2025,130
155,LAD,Total,9,27,70,0.722,2025,97
312,MIA,Home,1,18,46,0.719,2025,64
313,MIA,Home,2,19,45,0.703,2025,64
314,MIA,Home,3,13,51,0.797,2025,64
315,MIA,Home,4,13,51,0.797,2025,64
316,MIA,Home,5,18,46,0.719,2025,64
317,MIA,Home,6,19,45,0.703,2025,64
318,MIA,Home,7,17,47,0.734,2025,64
319,MIA,Home,8,12,52,0.812,2025,64
320,MIA,Home,9,9,34,0.791,2025,43
324,MIA,Road,1,16,49,0.754,2025,65
325,MIA,Road,2,13,52,0.8,2025,65
326,MIA,Road,3,17,48,0.738,2025,65
327,MIA,Road,4,16,49,0.754,2025,65
328,MIA,Road,5,21,44,0.677,2025,65
329,MIA,Road,6,15,50,0.769,2025,65
330,MIA,Road,7,20,45,0.692,2025,65
331,MIA,Road,8,20,45,0.692,2025,65
332,MIA,Road,9,12,53,0.815,2025,65
160,MIA,Total,1,34,95,0.736,2025,129
161,MIA,Total,2,32,97,0.752,2025,129
162,MIA,Total,3,30,99,0.767,2025,129
163,MIA,Total,4,29,100,0.775,2025,129
164,MIA,Total,5,39,90,0.698,2025,129
165,MIA,Total,6,34,95,0.736,2025,129
166,MIA,Total,7,37,92,0.713,2025,129
167,MIA,Total,8,32,97,0.752,2025,129
168,MIA,Total,9,21,87,0.806,2025,108
335,MIL,Home,1,9,55,0.859,2025,64
336,MIL,Home,2,14,50,0.781,2025,64
337,MIL,Home,3,21,43,0.672,2025,64
338,MIL,Home,4,26,38,0.594,2025,64
339,MIL,Home,5,22,42,0.656,2025,64
340,MIL,Home,6,14,50,0.781,2025,64
341,MIL,Home,7,15,49,0.766,2025,64
342,MIL,Home,8,15,49,0.766,2025,64
343,MIL,Home,9,7,23,0.767,2025,30
346,MIL,Road,1,19,47,0.712,2025,66
347,MIL,Road,2,22,44,0.667,2025,66
348,MIL,Road,3,17,49,0.742,2025,66
349,MIL,Road,4,23,43,0.652,2025,66
350,MIL,Road,5,18,48,0.727,2025,66
351,MIL,Road,6,24,42,0.636,2025,66
352,MIL,Road,7,14,52,0.788,2025,66
353,MIL,Road,8,21,45,0.682,2025,66
354,MIL,Road,9,18,48,0.727,2025,66
172,MIL,Total,1,28,102,0.785,2025,130
173,MIL,Total,2,36,94,0.723,2025,130
174,MIL,Total,3,38,92,0.708,2025,130
175,MIL,Total,4,49,81,0.623,2025,130
176,MIL,Total,5,40,90,0.692,2025,130
177,MIL,Total,6,38,92,0.708,2025,130
178,MIL,Total,7,29,101,0.777,2025,130
179,MIL,Total,8,36,94,0.723,2025,130
180,MIL,Total,9,25,71,0.74,2025,96
357,MIN,Home,1,17,47,0.734,2025,64
358,MIN,Home,2,17,47,0.734,2025,64
359,MIN,Home,3,17,47,0.734,2025,64
360,MIN,Home,4,17,47,0.734,2025,64
361,MIN,Home,5,19,45,0.703,2025,64
362,MIN,Home,6,23,41,0.641,2025,64
363,MIN,Home,7,13,51,0.797,2025,64
364,MIN,Home,8,10,53,0.841,2025,63
365,MIN,Home,9,5,34,0.872,2025,39
368,MIN,Road,1,19,46,0.708,2025,65
369,MIN,Road,2,16,49,0.754,2025,65
370,MIN,Road,3,10,55,0.846,2025,65
371,MIN,Road,4,24,41,0.631,2025,65
372,MIN,Road,5,15,50,0.769,2025,65
373,MIN,Road,6,21,44,0.677,2025,65
374,MIN,Road,7,18,46,0.719,2025,64
375,MIN,Road,8,15,49,0.766,2025,64
376,MIN,Road,9,19,45,0.703,2025,64
183,MIN,Total,1,36,93,0.721,2025,129
184,MIN,Total,2,33,96,0.744,2025,129
185,MIN,Total,3,27,102,0.791,2025,129
186,MIN,Total,4,41,88,0.682,2025,129
187,MIN,Total,5,34,95,0.736,2025,129
188,MIN,Total,6,44,85,0.659,2025,129
189,MIN,Total,7,31,97,0.758,2025,128
190,MIN,Total,8,25,102,0.803,2025,127
191,MIN,Total,9,24,79,0.767,2025,103
379,NYM,Home,1,23,42,0.646,2025,65
380,NYM,Home,2,19,46,0.708,2025,65
381,NYM,Home,3,24,41,0.631,2025,65
382,NYM,Home,4,19,46,0.708,2025,65
383,NYM,Home,5,16,49,0.754,2025,65
384,NYM,Home,6,14,51,0.785,2025,65
385,NYM,Home,7,16,49,0.754,2025,65
386,NYM,Home,8,24,41,0.631,2025,65
387,NYM,Home,9,7,23,0.767,2025,30
392,NYM,Road,1,15,49,0.766,2025,64
393,NYM,Road,2,17,47,0.734,2025,64
394,NYM,Road,3,21,43,0.672,2025,64
395,NYM,Road,4,13,51,0.797,2025,64
396,NYM,Road,5,20,44,0.688,2025,64
397,NYM,Road,6,16,48,0.75,2025,64
398,NYM,Road,7,15,49,0.766,2025,64
399,NYM,Road,8,17,47,0.734,2025,64
400,NYM,Road,9,19,45,0.703,2025,64
194,NYM,Total,1,38,91,0.705,2025,129
195,NYM,Total,2,36,93,0.721,2025,129
196,NYM,Total,3,45,84,0.651,2025,129
197,NYM,Total,4,32,97,0.752,2025,129
198,NYM,Total,5,36,93,0.721,2025,129
199,NYM,Total,6,30,99,0.767,2025,129
200,NYM,Total,7,31,98,0.76,2025,129
201,NYM,Total,8,41,88,0.682,2025,129
202,NYM,Total,9,26,68,0.723,2025,94
403,NYY,Home,1,21,44,0.677,2025,65
404,NYY,Home,2,21,44,0.677,2025,65
405,NYY,Home,3,19,46,0.708,2025,65
406,NYY,Home,4,17,48,0.738,2025,65
407,NYY,Home,5,17,48,0.738,2025,65
408,NYY,Home,6,18,46,0.719,2025,64
409,NYY,Home,7,18,46,0.719,2025,64
410,NYY,Home,8,19,45,0.703,2025,64
411,NYY,Home,9,6,25,0.806,2025,31
414,NYY,Road,1,26,38,0.594,2025,64
415,NYY,Road,2,15,49,0.766,2025,64
416,NYY,Road,3,15,49,0.766,2025,64
417,NYY,Road,4,20,44,0.688,2025,64
418,NYY,Road,5,21,43,0.672,2025,64
419,NYY,Road,6,17,47,0.734,2025,64
420,NYY,Road,7,26,38,0.594,2025,64
421,NYY,Road,8,18,46,0.719,2025,64
422,NYY,Road,9,19,45,0.703,2025,64
207,NYY,Total,1,47,82,0.636,2025,129
208,NYY,Total,2,36,93,0.721,2025,129
209,NYY,Total,3,34,95,0.736,2025,129
210,NYY,Total,4,37,92,0.713,2025,129
211,NYY,Total,5,38,91,0.705,2025,129
212,NYY,Total,6,35,93,0.727,2025,128
213,NYY,Total,7,44,84,0.656,2025,128
214,NYY,Total,8,37,91,0.711,2025,128
215,NYY,Total,9,25,70,0.737,2025,95
425,OAK,Home,1,22,41,0.651,2025,63
426,OAK,Home,2,18,45,0.714,2025,63
427,OAK,Home,3,24,39,0.619,2025,63
428,OAK,Home,4,14,49,0.778,2025,63
429,OAK,Home,5,21,42,0.667,2025,63
430,OAK,Home,6,12,51,0.81,2025,63
431,OAK,Home,7,18,45,0.714,2025,63
432,OAK,Home,8,14,49,0.778,2025,63
433,OAK,Home,9,10,33,0.767,2025,43
436,OAK,Road,1,20,48,0.706,2025,68
437,OAK,Road,2,16,52,0.765,2025,68
438,OAK,Road,3,15,53,0.779,2025,68
439,OAK,Road,4,25,43,0.632,2025,68
440,OAK,Road,5,19,49,0.721,2025,68
441,OAK,Road,6,25,43,0.632,2025,68
442,OAK,Road,7,12,56,0.824,2025,68
443,OAK,Road,8,16,52,0.765,2025,68
444,OAK,Road,9,23,45,0.662,2025,68
218,OAK,Total,1,42,89,0.679,2025,131
219,OAK,Total,2,34,97,0.74,2025,131
220,OAK,Total,3,39,92,0.702,2025,131
221,OAK,Total,4,39,92,0.702,2025,131
222,OAK,Total,5,40,91,0.695,2025,131
223,OAK,Total,6,37,94,0.718,2025,131
224,OAK,Total,7,30,101,0.771,2025,131
225,OAK,Total,8,30,101,0.771,2025,131
226,OAK,Total,9,33,78,0.703,2025,111
447,PHI,Home,1,25,38,0.603,2025,63
448,PHI,Home,2,16,47,0.746,2025,63
449,PHI,Home,3,14,49,0.778,2025,63
450,PHI,Home,4,26,37,0.587,2025,63
451,PHI,Home,5,20,43,0.683,2025,63
452,PHI,Home,6,16,47,0.746,2025,63
453,PHI,Home,7,24,39,0.619,2025,63
454,PHI,Home,8,27,36,0.571,2025,63
455,PHI,Home,9,5,20,0.8,2025,25
458,PHI,Road,1,17,49,0.742,2025,66
459,PHI,Road,2,13,53,0.803,2025,66
460,PHI,Road,3,14,52,0.788,2025,66
461,PHI,Road,4,17,49,0.742,2025,66
462,PHI,Road,5,14,52,0.788,2025,66
463,PHI,Road,6,12,54,0.818,2025,66
464,PHI,Road,7,16,50,0.758,2025,66
465,PHI,Road,8,16,50,0.758,2025,66
466,PHI,Road,9,16,50,0.758,2025,66
229,PHI,Total,1,42,87,0.674,2025,129
230,PHI,Total,2,29,100,0.775,2025,129
231,PHI,Total,3,28,101,0.783,2025,129
232,PHI,Total,4,43,86,0.667,2025,129
233,PHI,Total,5,34,95,0.736,2025,129
234,PHI,Total,6,28,101,0.783,2025,129
235,PHI,Total,7,40,89,0.69,2025,129
236,PHI,Total,8,43,86,0.667,2025,129
237,PHI,Total,9,21,70,0.769,2025,91
469,PIT,Home,1,19,49,0.721,2025,68
470,PIT,Home,2,19,49,0.721,2025,68
471,PIT,Home,3,20,48,0.706,2025,68
472,PIT,Home,4,16,52,0.765,2025,68
473,PIT,Home,5,16,52,0.765,2025,68
474,PIT,Home,6,13,55,0.809,2025,68
475,PIT,Home,7,19,49,0.721,2025,68
476,PIT,Home,8,17,51,0.75,2025,68
477,PIT,Home,9,7,29,0.806,2025,36
482,PIT,Road,1,13,49,0.79,2025,62
483,PIT,Road,2,11,51,0.823,2025,62
484,PIT,Road,3,8,54,0.871,2025,62
485,PIT,Road,4,12,50,0.806,2025,62
486,PIT,Road,5,21,41,0.661,2025,62
487,PIT,Road,6,16,46,0.742,2025,62
488,PIT,Road,7,11,51,0.823,2025,62
489,PIT,Road,8,10,52,0.839,2025,62
490,PIT,Road,9,10,52,0.839,2025,62
240,PIT,Total,1,32,98,0.754,2025,130
241,PIT,Total,2,30,100,0.769,2025,130
242,PIT,Total,3,28,102,0.785,2025,130
243,PIT,Total,4,28,102,0.785,2025,130
244,PIT,Total,5,37,93,0.715,2025,130
245,PIT,Total,6,29,101,0.777,2025,130
246,PIT,Total,7,30,100,0.769,2025,130
247,PIT,Total,8,27,103,0.792,2025,130
248,PIT,Total,9,17,81,0.827,2025,98
494,SD,Home,1,16,48,0.75,2025,64
495,SD,Home,2,16,48,0.75,2025,64
496,SD,Home,3,21,43,0.672,2025,64
497,SD,Home,4,18,46,0.719,2025,64
498,SD,Home,5,19,45,0.703,2025,64
499,SD,Home,6,19,45,0.703,2025,64
500,SD,Home,7,28,36,0.562,2025,64
501,SD,Home,8,16,48,0.75,2025,64
502,SD,Home,9,4,23,0.852,2025,27
505,SD,Road,1,18,48,0.727,2025,66
506,SD,Road,2,20,46,0.697,2025,66
507,SD,Road,3,18,48,0.727,2025,66
508,SD,Road,4,16,50,0.758,2025,66
509,SD,Road,5,14,52,0.788,2025,66
510,SD,Road,6,9,57,0.864,2025,66
511,SD,Road,7,20,46,0.697,2025,66
512,SD,Road,8,15,51,0.773,2025,66
513,SD,Road,9,15,51,0.773,2025,66
253,SD,Total,1,34,96,0.738,2025,130
254,SD,Total,2,36,94,0.723,2025,130
255,SD,Total,3,39,91,0.7,2025,130
256,SD,Total,4,34,96,0.738,2025,130
257,SD,Total,5,33,97,0.746,2025,130
258,SD,Total,6,28,102,0.785,2025,130
259,SD,Total,7,48,82,0.631,2025,130
260,SD,Total,8,31,99,0.762,2025,130
261,SD,Total,9,19,74,0.796,2025,93
516,SEA,Home,1,12,52,0.812,2025,64
517,SEA,Home,2,21,43,0.672,2025,64
518,SEA,Home,3,14,50,0.781,2025,64
519,SEA,Home,4,18,46,0.719,2025,64
520,SEA,Home,5,12,52,0.812,2025,64
521,SEA,Home,6,18,46,0.719,2025,64
522,SEA,Home,7,20,44,0.688,2025,64
523,SEA,Home,8,13,51,0.797,2025,64
524,SEA,Home,9,4,30,0.882,2025,34
528,SEA,Road,1,25,41,0.621,2025,66
529,SEA,Road,2,16,50,0.758,2025,66
530,SEA,Road,3,18,48,0.727,2025,66
531,SEA,Road,4,19,47,0.712,2025,66
532,SEA,Road,5,18,48,0.727,2025,66
533,SEA,Road,6,23,43,0.652,2025,66
534,SEA,Road,7,20,46,0.697,2025,66
535,SEA,Road,8,14,52,0.788,2025,66
536,SEA,Road,9,22,44,0.667,2025,66
264,SEA,Total,1,37,93,0.715,2025,130
265,SEA,Total,2,37,93,0.715,2025,130
266,SEA,Total,3,32,98,0.754,2025,130
267,SEA,Total,4,37,93,0.715,2025,130
268,SEA,Total,5,30,100,0.769,2025,130
269,SEA,Total,6,41,89,0.685,2025,130
270,SEA,Total,7,40,90,0.692,2025,130
271,SEA,Total,8,27,103,0.792,2025,130
272,SEA,Total,9,26,74,0.74,2025,100
540,SF,Home,1,16,47,0.746,2025,63
541,SF,Home,2,12,51,0.81,2025,63
542,SF,Home,3,13,50,0.794,2025,63
543,SF,Home,4,18,45,0.714,2025,63
544,SF,Home,5,16,47,0.746,2025,63
545,SF,Home,6,14,49,0.778,2025,63
546,SF,Home,7,9,54,0.857,2025,63
547,SF,Home,8,13,50,0.794,2025,63
548,SF,Home,9,5,37,0.881,2025,42
551,SF,Road,1,21,46,0.687,2025,67
552,SF,Road,2,17,50,0.746,2025,67
553,SF,Road,3,15,52,0.776,2025,67
554,SF,Road,4,17,50,0.746,2025,67
555,SF,Road,5,21,46,0.687,2025,67
556,SF,Road,6,19,48,0.716,2025,67
557,SF,Road,7,14,52,0.788,2025,66
558,SF,Road,8,15,51,0.773,2025,66
559,SF,Road,9,15,51,0.773,2025,66
276,SF,Total,1,37,93,0.715,2025,130
277,SF,Total,2,29,101,0.777,2025,130
278,SF,Total,3,28,102,0.785,2025,130
279,SF,Total,4,35,95,0.731,2025,130
280,SF,Total,5,37,93,0.715,2025,130
281,SF,Total,6,33,97,0.746,2025,130
282,SF,Total,7,23,106,0.822,2025,129
283,SF,Total,8,28,101,0.783,2025,129
284,SF,Total,9,20,88,0.815,2025,108
562,STL,Home,1,15,50,0.769,2025,65
563,STL,Home,2,20,45,0.692,2025,65
564,STL,Home,3,19,46,0.708,2025,65
565,STL,Home,4,16,49,0.754,2025,65
566,STL,Home,5,15,50,0.769,2025,65
567,STL,Home,6,25,40,0.615,2025,65
568,STL,Home,7,17,48,0.738,2025,65
569,STL,Home,8,15,50,0.769,2025,65
570,STL,Home,9,3,31,0.912,2025,34
573,STL,Road,1,16,49,0.754,2025,65
574,STL,Road,2,14,51,0.785,2025,65
575,STL,Road,3,13,52,0.8,2025,65
576,STL,Road,4,20,45,0.692,2025,65
577,STL,Road,5,16,49,0.754,2025,65
578,STL,Road,6,19,46,0.708,2025,65
579,STL,Road,7,17,48,0.738,2025,65
580,STL,Road,8,20,45,0.692,2025,65
581,STL,Road,9,24,41,0.631,2025,65
287,STL,Total,1,31,99,0.762,2025,130
288,STL,Total,2,34,96,0.738,2025,130
289,STL,Total,3,32,98,0.754,2025,130
290,STL,Total,4,36,94,0.723,2025,130
291,STL,Total,5,31,99,0.762,2025,130
292,STL,Total,6,44,86,0.662,2025,130
293,STL,Total,7,34,96,0.738,2025,130
294,STL,Total,8,35,95,0.731,2025,130
295,STL,Total,9,27,72,0.727,2025,99
586,TB,Home,1,22,44,0.667,2025,66
587,TB,Home,2,14,52,0.788,2025,66
588,TB,Home,3,21,45,0.682,2025,66
589,TB,Home,4,26,40,0.606,2025,66
590,TB,Home,5,11,55,0.833,2025,66
591,TB,Home,6,16,50,0.758,2025,66
592,TB,Home,7,16,50,0.758,2025,66
593,TB,Home,8,20,46,0.697,2025,66
594,TB,Home,9,8,30,0.789,2025,38
596,TB,Road,1,14,49,0.778,2025,63
597,TB,Road,2,15,48,0.762,2025,63
598,TB,Road,3,22,41,0.651,2025,63
599,TB,Road,4,23,40,0.635,2025,63
600,TB,Road,5,16,47,0.746,2025,63
601,TB,Road,6,13,50,0.794,2025,63
602,TB,Road,7,15,48,0.762,2025,63
603,TB,Road,8,12,51,0.81,2025,63
604,TB,Road,9,13,50,0.794,2025,63
300,TB,Total,1,36,93,0.721,2025,129
301,TB,Total,2,29,100,0.775,2025,129
302,TB,Total,3,43,86,0.667,2025,129
303,TB,Total,4,49,80,0.62,2025,129
304,TB,Total,5,27,102,0.791,2025,129
305,TB,Total,6,29,100,0.775,2025,129
306,TB,Total,7,31,98,0.76,2025,129
307,TB,Total,8,32,97,0.752,2025,129
308,TB,Total,9,21,80,0.792,2025,101
607,TEX,Home,1,15,50,0.769,2025,65
608,TEX,Home,2,17,48,0.738,2025,65
609,TEX,Home,3,20,45,0.692,2025,65
610,TEX,Home,4,14,51,0.785,2025,65
611,TEX,Home,5,14,51,0.785,2025,65
612,TEX,Home,6,19,46,0.708,2025,65
613,TEX,Home,7,15,50,0.769,2025,65
614,TEX,Home,8,13,52,0.8,2025,65
615,TEX,Home,9,6,28,0.824,2025,34
619,TEX,Road,1,20,46,0.697,2025,66
620,TEX,Road,2,14,52,0.788,2025,66
621,TEX,Road,3,23,43,0.652,2025,66
622,TEX,Road,4,20,46,0.697,2025,66
623,TEX,Road,5,19,47,0.712,2025,66
624,TEX,Road,6,19,47,0.712,2025,66
625,TEX,Road,7,12,54,0.818,2025,66
626,TEX,Road,8,19,47,0.712,2025,66
627,TEX,Road,9,13,53,0.803,2025,66
311,TEX,Total,1,35,96,0.733,2025,131
312,TEX,Total,2,31,100,0.763,2025,131
313,TEX,Total,3,43,88,0.672,2025,131
314,TEX,Total,4,34,97,0.74,2025,131
315,TEX,Total,5,33,98,0.748,2025,131
316,TEX,Total,6,38,93,0.71,2025,131
317,TEX,Total,7,27,104,0.794,2025,131
318,TEX,Total,8,32,99,0.756,2025,131
319,TEX,Total,9,19,81,0.81,2025,100
630,TOR,Home,1,18,45,0.714,2025,63
631,TOR,Home,2,14,49,0.778,2025,63
632,TOR,Home,3,23,40,0.635,2025,63
633,TOR,Home,4,14,49,0.778,2025,63
634,TOR,Home,5,21,42,0.667,2025,63
635,TOR,Home,6,22,41,0.651,2025,63
636,TOR,Home,7,21,42,0.667,2025,63
637,TOR,Home,8,22,41,0.651,2025,63
638,TOR,Home,9,5,23,0.821,2025,28
642,TOR,Road,1,17,50,0.746,2025,67
643,TOR,Road,2,15,52,0.776,2025,67
644,TOR,Road,3,21,46,0.687,2025,67
645,TOR,Road,4,16,51,0.761,2025,67
646,TOR,Road,5,19,48,0.716,2025,67
647,TOR,Road,6,20,47,0.701,2025,67
648,TOR,Road,7,16,51,0.761,2025,67
649,TOR,Road,8,17,49,0.742,2025,66
650,TOR,Road,9,14,52,0.788,2025,66
323,TOR,Total,1,35,95,0.731,2025,130
324,TOR,Total,2,29,101,0.777,2025,130
325,TOR,Total,3,44,86,0.662,2025,130
326,TOR,Total,4,30,100,0.769,2025,130
327,TOR,Total,5,40,90,0.692,2025,130
328,TOR,Total,6,42,88,0.677,2025,130
329,TOR,Total,7,37,93,0.715,2025,130
330,TOR,Total,8,39,90,0.698,2025,129
331,TOR,Total,9,19,75,0.798,2025,94
654,WSH,Home,1,19,46,0.708,2025,65
655,WSH,Home,2,15,50,0.769,2025,65
656,WSH,Home,3,15,50,0.769,2025,65
657,WSH,Home,4,16,49,0.754,2025,65
658,WSH,Home,5,13,52,0.8,2025,65
659,WSH,Home,6,17,48,0.738,2025,65
660,WSH,Home,7,14,51,0.785,2025,65
661,WSH,Home,8,13,52,0.8,2025,65
662,WSH,Home,9,13,31,0.705,2025,44
665,WSH,Road,1,17,47,0.734,2025,64
666,WSH,Road,2,14,50,0.781,2025,64
667,WSH,Road,3,10,54,0.844,2025,64
668,WSH,Road,4,20,44,0.688,2025,64
669,WSH,Road,5,16,48,0.75,2025,64
670,WSH,Road,6,21,43,0.672,2025,64
671,WSH,Road,7,21,43,0.672,2025,64
672,WSH,Road,8,17,47,0.734,2025,64
673,WSH,Road,9,19,45,0.703,2025,64
335,WSH,Total,1,36,93,0.721,2025,129
336,WSH,Total,2,29,100,0.775,2025,129
337,WSH,Total,3,25,104,0.806,2025,129
338,WSH,Total,4,36,93,0.721,2025,129
339,WSH,Total,5,29,100,0.775,2025,129
340,WSH,Total,6,38,91,0.705,2025,129
341,WSH,Total,7,35,94,0.729,2025,129
342,WSH,Total,8,30,99,0.767,2025,129
343,WSH,Total,9,32,76,0.704,2025,108
