,BatterTeam,Split,inning,YRA,NRA,NRA%,Year,Apps
0,ARI,Home,1,25,34,0.576,2025,59
1,ARI,Home,2,16,43,0.729,2025,59
2,ARI,Home,3,21,38,0.644,2025,59
3,ARI,Home,4,22,37,0.627,2025,59
4,ARI,Home,5,25,34,0.576,2025,59
5,ARI,Home,6,14,45,0.763,2025,59
6,ARI,Home,7,13,46,0.78,2025,59
7,ARI,Home,8,20,39,0.661,2025,59
8,ARI,Home,9,10,24,0.706,2025,34
11,ARI,Road,1,16,42,0.724,2025,58
12,ARI,Road,2,20,38,0.655,2025,58
13,ARI,Road,3,18,40,0.69,2025,58
14,ARI,Road,4,18,40,0.69,2025,58
15,ARI,Road,5,19,39,0.672,2025,58
16,ARI,Road,6,10,48,0.828,2025,58
17,ARI,Road,7,15,43,0.741,2025,58
18,ARI,Road,8,15,43,0.741,2025,58
19,ARI,Road,9,17,41,0.707,2025,58
0,ARI,Total,1,41,76,0.65,2025,117
1,ARI,Total,2,36,81,0.692,2025,117
2,ARI,Total,3,39,78,0.667,2025,117
3,ARI,Total,4,40,77,0.658,2025,117
4,ARI,Total,5,44,73,0.624,2025,117
5,ARI,Total,6,24,93,0.795,2025,117
6,ARI,Total,7,28,89,0.761,2025,117
7,ARI,Total,8,35,82,0.701,2025,117
8,ARI,Total,9,27,65,0.707,2025,92
22,ATL,Home,1,19,40,0.678,2025,59
23,ATL,Home,2,10,49,0.831,2025,59
24,ATL,Home,3,16,43,0.729,2025,59
25,ATL,Home,4,13,46,0.78,2025,59
26,ATL,Home,5,16,43,0.729,2025,59
27,ATL,Home,6,20,39,0.661,2025,59
28,ATL,Home,7,14,45,0.763,2025,59
29,ATL,Home,8,11,48,0.814,2025,59
30,ATL,Home,9,8,27,0.771,2025,35
33,ATL,Road,1,15,43,0.741,2025,58
34,ATL,Road,2,16,42,0.724,2025,58
35,ATL,Road,3,14,44,0.759,2025,58
36,ATL,Road,4,16,42,0.724,2025,58
37,ATL,Road,5,12,46,0.793,2025,58
38,ATL,Road,6,13,45,0.776,2025,58
39,ATL,Road,7,15,43,0.741,2025,58
40,ATL,Road,8,17,41,0.707,2025,58
41,ATL,Road,9,16,42,0.724,2025,58
11,ATL,Total,1,34,83,0.709,2025,117
12,ATL,Total,2,26,91,0.778,2025,117
13,ATL,Total,3,30,87,0.744,2025,117
14,ATL,Total,4,29,88,0.752,2025,117
15,ATL,Total,5,28,89,0.761,2025,117
16,ATL,Total,6,33,84,0.718,2025,117
17,ATL,Total,7,29,88,0.752,2025,117
18,ATL,Total,8,28,89,0.761,2025,117
19,ATL,Total,9,24,69,0.742,2025,93
44,BAL,Home,1,16,40,0.714,2025,56
45,BAL,Home,2,17,39,0.696,2025,56
46,BAL,Home,3,21,35,0.625,2025,56
47,BAL,Home,4,9,47,0.839,2025,56
48,BAL,Home,5,14,42,0.75,2025,56
49,BAL,Home,6,17,39,0.696,2025,56
50,BAL,Home,7,19,37,0.661,2025,56
51,BAL,Home,8,18,38,0.679,2025,56
52,BAL,Home,9,5,23,0.821,2025,28
54,BAL,Road,1,16,45,0.738,2025,61
55,BAL,Road,2,10,51,0.836,2025,61
56,BAL,Road,3,17,44,0.721,2025,61
57,BAL,Road,4,15,46,0.754,2025,61
58,BAL,Road,5,13,48,0.787,2025,61
59,BAL,Road,6,15,46,0.754,2025,61
60,BAL,Road,7,15,46,0.754,2025,61
61,BAL,Road,8,9,52,0.852,2025,61
62,BAL,Road,9,9,52,0.852,2025,61
22,BAL,Total,1,32,85,0.726,2025,117
23,BAL,Total,2,27,90,0.769,2025,117
24,BAL,Total,3,38,79,0.675,2025,117
25,BAL,Total,4,24,93,0.795,2025,117
26,BAL,Total,5,27,90,0.769,2025,117
27,BAL,Total,6,32,85,0.726,2025,117
28,BAL,Total,7,34,83,0.709,2025,117
29,BAL,Total,8,27,90,0.769,2025,117
30,BAL,Total,9,14,75,0.843,2025,89
65,BOS,Home,1,22,39,0.639,2025,61
66,BOS,Home,2,15,46,0.754,2025,61
67,BOS,Home,3,19,42,0.689,2025,61
68,BOS,Home,4,14,47,0.77,2025,61
69,BOS,Home,5,21,40,0.656,2025,61
70,BOS,Home,6,19,42,0.689,2025,61
71,BOS,Home,7,22,39,0.639,2025,61
72,BOS,Home,8,19,42,0.689,2025,61
73,BOS,Home,9,5,26,0.839,2025,31
76,BOS,Road,1,16,41,0.719,2025,57
77,BOS,Road,2,15,42,0.737,2025,57
78,BOS,Road,3,18,39,0.684,2025,57
79,BOS,Road,4,16,41,0.719,2025,57
80,BOS,Road,5,17,40,0.702,2025,57
81,BOS,Road,6,17,40,0.702,2025,57
82,BOS,Road,7,11,46,0.807,2025,57
83,BOS,Road,8,10,47,0.825,2025,57
84,BOS,Road,9,18,39,0.684,2025,57
33,BOS,Total,1,38,80,0.678,2025,118
34,BOS,Total,2,30,88,0.746,2025,118
35,BOS,Total,3,37,81,0.686,2025,118
36,BOS,Total,4,30,88,0.746,2025,118
37,BOS,Total,5,38,80,0.678,2025,118
38,BOS,Total,6,36,82,0.695,2025,118
39,BOS,Total,7,33,85,0.72,2025,118
40,BOS,Total,8,29,89,0.754,2025,118
41,BOS,Total,9,23,65,0.739,2025,88
88,CHC,Home,1,18,40,0.69,2025,58
89,CHC,Home,2,24,34,0.586,2025,58
90,CHC,Home,3,17,41,0.707,2025,58
91,CHC,Home,4,15,43,0.741,2025,58
92,CHC,Home,5,20,38,0.655,2025,58
93,CHC,Home,6,12,46,0.793,2025,58
94,CHC,Home,7,15,43,0.741,2025,58
95,CHC,Home,8,16,42,0.724,2025,58
96,CHC,Home,9,4,24,0.857,2025,28
99,CHC,Road,1,19,39,0.672,2025,58
100,CHC,Road,2,15,43,0.741,2025,58
101,CHC,Road,3,13,45,0.776,2025,58
102,CHC,Road,4,21,37,0.638,2025,58
103,CHC,Road,5,14,44,0.759,2025,58
104,CHC,Road,6,19,39,0.672,2025,58
105,CHC,Road,7,22,36,0.621,2025,58
106,CHC,Road,8,21,37,0.638,2025,58
107,CHC,Road,9,15,43,0.741,2025,58
45,CHC,Total,1,37,79,0.681,2025,116
46,CHC,Total,2,39,77,0.664,2025,116
47,CHC,Total,3,30,86,0.741,2025,116
48,CHC,Total,4,36,80,0.69,2025,116
49,CHC,Total,5,34,82,0.707,2025,116
50,CHC,Total,6,31,85,0.733,2025,116
51,CHC,Total,7,37,79,0.681,2025,116
52,CHC,Total,8,37,79,0.681,2025,116
53,CHC,Total,9,19,67,0.779,2025,86
110,CIN,Home,1,24,35,0.593,2025,59
111,CIN,Home,2,14,45,0.763,2025,59
112,CIN,Home,3,17,42,0.712,2025,59
113,CIN,Home,4,16,43,0.729,2025,59
114,CIN,Home,5,15,44,0.746,2025,59
115,CIN,Home,6,18,41,0.695,2025,59
116,CIN,Home,7,17,41,0.707,2025,58
117,CIN,Home,8,10,48,0.828,2025,58
118,CIN,Home,9,7,23,0.767,2025,30
121,CIN,Road,1,12,47,0.797,2025,59
122,CIN,Road,2,9,50,0.847,2025,59
123,CIN,Road,3,17,42,0.712,2025,59
124,CIN,Road,4,20,39,0.661,2025,59
125,CIN,Road,5,20,39,0.661,2025,59
126,CIN,Road,6,18,41,0.695,2025,59
127,CIN,Road,7,11,48,0.814,2025,59
128,CIN,Road,8,19,40,0.678,2025,59
129,CIN,Road,9,18,41,0.695,2025,59
56,CIN,Total,1,36,82,0.695,2025,118
57,CIN,Total,2,23,95,0.805,2025,118
58,CIN,Total,3,34,84,0.712,2025,118
59,CIN,Total,4,36,82,0.695,2025,118
60,CIN,Total,5,35,83,0.703,2025,118
61,CIN,Total,6,36,82,0.695,2025,118
62,CIN,Total,7,28,89,0.761,2025,117
63,CIN,Total,8,29,88,0.752,2025,117
64,CIN,Total,9,25,64,0.719,2025,89
132,CLE,Home,1,17,39,0.696,2025,56
133,CLE,Home,2,8,48,0.857,2025,56
134,CLE,Home,3,14,42,0.75,2025,56
135,CLE,Home,4,21,35,0.625,2025,56
136,CLE,Home,5,11,45,0.804,2025,56
137,CLE,Home,6,17,39,0.696,2025,56
138,CLE,Home,7,13,43,0.768,2025,56
139,CLE,Home,8,11,45,0.804,2025,56
140,CLE,Home,9,6,26,0.812,2025,32
142,CLE,Road,1,15,45,0.75,2025,60
143,CLE,Road,2,10,50,0.833,2025,60
144,CLE,Road,3,20,40,0.667,2025,60
145,CLE,Road,4,18,42,0.7,2025,60
146,CLE,Road,5,13,47,0.783,2025,60
147,CLE,Road,6,18,42,0.7,2025,60
148,CLE,Road,7,15,45,0.75,2025,60
149,CLE,Road,8,12,48,0.8,2025,60
150,CLE,Road,9,13,47,0.783,2025,60
67,CLE,Total,1,32,84,0.724,2025,116
68,CLE,Total,2,18,98,0.845,2025,116
69,CLE,Total,3,34,82,0.707,2025,116
70,CLE,Total,4,39,77,0.664,2025,116
71,CLE,Total,5,24,92,0.793,2025,116
72,CLE,Total,6,35,81,0.698,2025,116
73,CLE,Total,7,28,88,0.759,2025,116
74,CLE,Total,8,23,93,0.802,2025,116
75,CLE,Total,9,19,73,0.793,2025,92
153,COL,Home,1,20,38,0.655,2025,58
154,COL,Home,2,18,40,0.69,2025,58
155,COL,Home,3,22,36,0.621,2025,58
156,COL,Home,4,18,40,0.69,2025,58
157,COL,Home,5,17,41,0.707,2025,58
158,COL,Home,6,13,45,0.776,2025,58
159,COL,Home,7,10,48,0.828,2025,58
160,COL,Home,8,18,40,0.69,2025,58
161,COL,Home,9,13,31,0.705,2025,44
164,COL,Road,1,9,49,0.845,2025,58
165,COL,Road,2,8,50,0.862,2025,58
166,COL,Road,3,14,44,0.759,2025,58
167,COL,Road,4,9,49,0.845,2025,58
168,COL,Road,5,12,46,0.793,2025,58
169,COL,Road,6,15,43,0.741,2025,58
170,COL,Road,7,15,43,0.741,2025,58
171,COL,Road,8,14,44,0.759,2025,58
172,COL,Road,9,10,48,0.828,2025,58
78,COL,Total,1,29,87,0.75,2025,116
79,COL,Total,2,26,90,0.776,2025,116
80,COL,Total,3,36,80,0.69,2025,116
81,COL,Total,4,27,89,0.767,2025,116
82,COL,Total,5,29,87,0.75,2025,116
83,COL,Total,6,28,88,0.759,2025,116
84,COL,Total,7,25,91,0.784,2025,116
85,COL,Total,8,32,84,0.724,2025,116
86,COL,Total,9,23,79,0.775,2025,102
175,CWS,Home,1,16,42,0.724,2025,58
176,CWS,Home,2,16,42,0.724,2025,58
177,CWS,Home,3,11,47,0.81,2025,58
178,CWS,Home,4,16,42,0.724,2025,58
179,CWS,Home,5,11,47,0.81,2025,58
180,CWS,Home,6,15,43,0.741,2025,58
181,CWS,Home,7,13,43,0.768,2025,56
182,CWS,Home,8,17,39,0.696,2025,56
183,CWS,Home,9,5,31,0.861,2025,36
186,CWS,Road,1,19,40,0.678,2025,59
187,CWS,Road,2,14,45,0.763,2025,59
188,CWS,Road,3,11,48,0.814,2025,59
189,CWS,Road,4,17,42,0.712,2025,59
190,CWS,Road,5,13,46,0.78,2025,59
191,CWS,Road,6,15,44,0.746,2025,59
192,CWS,Road,7,14,45,0.763,2025,59
193,CWS,Road,8,11,47,0.81,2025,58
194,CWS,Road,9,14,44,0.759,2025,58
89,CWS,Total,1,35,82,0.701,2025,117
90,CWS,Total,2,30,87,0.744,2025,117
91,CWS,Total,3,22,95,0.812,2025,117
92,CWS,Total,4,33,84,0.718,2025,117
93,CWS,Total,5,24,93,0.795,2025,117
94,CWS,Total,6,30,87,0.744,2025,117
95,CWS,Total,7,27,88,0.765,2025,115
96,CWS,Total,8,28,86,0.754,2025,114
97,CWS,Total,9,19,75,0.798,2025,94
197,DET,Home,1,18,44,0.71,2025,62
198,DET,Home,2,20,42,0.677,2025,62
199,DET,Home,3,18,44,0.71,2025,62
200,DET,Home,4,22,40,0.645,2025,62
201,DET,Home,5,25,37,0.597,2025,62
202,DET,Home,6,16,46,0.742,2025,62
203,DET,Home,7,20,42,0.677,2025,62
204,DET,Home,8,13,49,0.79,2025,62
205,DET,Home,9,5,22,0.815,2025,27
208,DET,Road,1,14,42,0.75,2025,56
209,DET,Road,2,14,42,0.75,2025,56
210,DET,Road,3,17,39,0.696,2025,56
211,DET,Road,4,16,40,0.714,2025,56
212,DET,Road,5,9,47,0.839,2025,56
213,DET,Road,6,7,49,0.875,2025,56
214,DET,Road,7,16,40,0.714,2025,56
215,DET,Road,8,20,36,0.643,2025,56
216,DET,Road,9,12,44,0.786,2025,56
100,DET,Total,1,32,86,0.729,2025,118
101,DET,Total,2,34,84,0.712,2025,118
102,DET,Total,3,35,83,0.703,2025,118
103,DET,Total,4,38,80,0.678,2025,118
104,DET,Total,5,34,84,0.712,2025,118
105,DET,Total,6,23,95,0.805,2025,118
106,DET,Total,7,36,82,0.695,2025,118
107,DET,Total,8,33,85,0.72,2025,118
108,DET,Total,9,17,66,0.795,2025,83
218,HOU,Home,1,14,45,0.763,2025,59
219,HOU,Home,2,11,48,0.814,2025,59
220,HOU,Home,3,17,42,0.712,2025,59
221,HOU,Home,4,15,44,0.746,2025,59
222,HOU,Home,5,19,40,0.678,2025,59
223,HOU,Home,6,19,40,0.678,2025,59
224,HOU,Home,7,12,47,0.797,2025,59
225,HOU,Home,8,17,42,0.712,2025,59
226,HOU,Home,9,4,26,0.867,2025,30
229,HOU,Road,1,16,42,0.724,2025,58
230,HOU,Road,2,12,46,0.793,2025,58
231,HOU,Road,3,11,47,0.81,2025,58
232,HOU,Road,4,12,46,0.793,2025,58
233,HOU,Road,5,15,43,0.741,2025,58
234,HOU,Road,6,19,39,0.672,2025,58
235,HOU,Road,7,15,43,0.741,2025,58
236,HOU,Road,8,17,40,0.702,2025,57
237,HOU,Road,9,11,46,0.807,2025,57
111,HOU,Total,1,30,87,0.744,2025,117
112,HOU,Total,2,23,94,0.803,2025,117
113,HOU,Total,3,28,89,0.761,2025,117
114,HOU,Total,4,27,90,0.769,2025,117
115,HOU,Total,5,34,83,0.709,2025,117
116,HOU,Total,6,38,79,0.675,2025,117
117,HOU,Total,7,27,90,0.769,2025,117
118,HOU,Total,8,34,82,0.707,2025,116
119,HOU,Total,9,15,72,0.828,2025,87
241,KC,Home,1,15,41,0.732,2025,56
242,KC,Home,2,11,45,0.804,2025,56
243,KC,Home,3,10,46,0.821,2025,56
244,KC,Home,4,11,45,0.804,2025,56
245,KC,Home,5,14,42,0.75,2025,56
246,KC,Home,6,12,44,0.786,2025,56
247,KC,Home,7,12,44,0.786,2025,56
248,KC,Home,8,13,43,0.768,2025,56
249,KC,Home,9,10,25,0.714,2025,35
253,KC,Road,1,18,43,0.705,2025,61
254,KC,Road,2,14,47,0.77,2025,61
255,KC,Road,3,14,47,0.77,2025,61
256,KC,Road,4,19,42,0.689,2025,61
257,KC,Road,5,21,40,0.656,2025,61
258,KC,Road,6,9,52,0.852,2025,61
259,KC,Road,7,10,51,0.836,2025,61
260,KC,Road,8,18,43,0.705,2025,61
261,KC,Road,9,13,48,0.787,2025,61
123,KC,Total,1,33,84,0.718,2025,117
124,KC,Total,2,25,92,0.786,2025,117
125,KC,Total,3,24,93,0.795,2025,117
126,KC,Total,4,30,87,0.744,2025,117
127,KC,Total,5,35,82,0.701,2025,117
128,KC,Total,6,21,96,0.821,2025,117
129,KC,Total,7,22,95,0.812,2025,117
130,KC,Total,8,31,86,0.735,2025,117
131,KC,Total,9,23,73,0.76,2025,96
264,LAA,Home,1,17,43,0.717,2025,60
265,LAA,Home,2,13,47,0.783,2025,60
266,LAA,Home,3,13,47,0.783,2025,60
267,LAA,Home,4,19,41,0.683,2025,60
268,LAA,Home,5,17,43,0.717,2025,60
269,LAA,Home,6,16,44,0.733,2025,60
270,LAA,Home,7,15,45,0.75,2025,60
271,LAA,Home,8,13,47,0.783,2025,60
272,LAA,Home,9,7,31,0.816,2025,38
275,LAA,Road,1,23,34,0.596,2025,57
276,LAA,Road,2,17,40,0.702,2025,57
277,LAA,Road,3,16,41,0.719,2025,57
278,LAA,Road,4,15,42,0.737,2025,57
279,LAA,Road,5,17,40,0.702,2025,57
280,LAA,Road,6,11,46,0.807,2025,57
281,LAA,Road,7,17,40,0.702,2025,57
282,LAA,Road,8,14,43,0.754,2025,57
283,LAA,Road,9,12,45,0.789,2025,57
135,LAA,Total,1,40,77,0.658,2025,117
136,LAA,Total,2,30,87,0.744,2025,117
137,LAA,Total,3,29,88,0.752,2025,117
138,LAA,Total,4,34,83,0.709,2025,117
139,LAA,Total,5,34,83,0.709,2025,117
140,LAA,Total,6,27,90,0.769,2025,117
141,LAA,Total,7,32,85,0.726,2025,117
142,LAA,Total,8,27,90,0.769,2025,117
143,LAA,Total,9,19,76,0.8,2025,95
286,LAD,Home,1,23,38,0.623,2025,61
287,LAD,Home,2,21,40,0.656,2025,61
288,LAD,Home,3,18,43,0.705,2025,61
289,LAD,Home,4,17,44,0.721,2025,61
290,LAD,Home,5,17,44,0.721,2025,61
291,LAD,Home,6,25,36,0.59,2025,61
292,LAD,Home,7,18,43,0.705,2025,61
293,LAD,Home,8,17,44,0.721,2025,61
294,LAD,Home,9,9,22,0.71,2025,31
296,LAD,Road,1,16,40,0.714,2025,56
297,LAD,Road,2,14,42,0.75,2025,56
298,LAD,Road,3,12,44,0.786,2025,56
299,LAD,Road,4,14,42,0.75,2025,56
300,LAD,Road,5,16,40,0.714,2025,56
301,LAD,Road,6,19,37,0.661,2025,56
302,LAD,Road,7,19,37,0.661,2025,56
303,LAD,Road,8,11,45,0.804,2025,56
304,LAD,Road,9,15,41,0.732,2025,56
146,LAD,Total,1,39,78,0.667,2025,117
147,LAD,Total,2,35,82,0.701,2025,117
148,LAD,Total,3,30,87,0.744,2025,117
149,LAD,Total,4,31,86,0.735,2025,117
150,LAD,Total,5,33,84,0.718,2025,117
151,LAD,Total,6,44,73,0.624,2025,117
152,LAD,Total,7,37,80,0.684,2025,117
153,LAD,Total,8,28,89,0.761,2025,117
154,LAD,Total,9,24,63,0.724,2025,87
309,MIA,Home,1,17,42,0.712,2025,59
310,MIA,Home,2,17,42,0.712,2025,59
311,MIA,Home,3,12,47,0.797,2025,59
312,MIA,Home,4,11,48,0.814,2025,59
313,MIA,Home,5,18,41,0.695,2025,59
314,MIA,Home,6,16,43,0.729,2025,59
315,MIA,Home,7,16,43,0.729,2025,59
316,MIA,Home,8,10,49,0.831,2025,59
317,MIA,Home,9,8,31,0.795,2025,39
321,MIA,Road,1,14,44,0.759,2025,58
322,MIA,Road,2,12,46,0.793,2025,58
323,MIA,Road,3,15,43,0.741,2025,58
324,MIA,Road,4,15,43,0.741,2025,58
325,MIA,Road,5,18,40,0.69,2025,58
326,MIA,Road,6,14,44,0.759,2025,58
327,MIA,Road,7,18,40,0.69,2025,58
328,MIA,Road,8,19,39,0.672,2025,58
329,MIA,Road,9,10,48,0.828,2025,58
159,MIA,Total,1,31,86,0.735,2025,117
160,MIA,Total,2,29,88,0.752,2025,117
161,MIA,Total,3,27,90,0.769,2025,117
162,MIA,Total,4,26,91,0.778,2025,117
163,MIA,Total,5,36,81,0.692,2025,117
164,MIA,Total,6,30,87,0.744,2025,117
165,MIA,Total,7,34,83,0.709,2025,117
166,MIA,Total,8,29,88,0.752,2025,117
167,MIA,Total,9,18,79,0.814,2025,97
332,MIL,Home,1,7,51,0.879,2025,58
333,MIL,Home,2,13,45,0.776,2025,58
334,MIL,Home,3,18,40,0.69,2025,58
335,MIL,Home,4,21,37,0.638,2025,58
336,MIL,Home,5,20,38,0.655,2025,58
337,MIL,Home,6,11,47,0.81,2025,58
338,MIL,Home,7,13,45,0.776,2025,58
339,MIL,Home,8,13,45,0.776,2025,58
340,MIL,Home,9,7,20,0.741,2025,27
343,MIL,Road,1,18,40,0.69,2025,58
344,MIL,Road,2,18,40,0.69,2025,58
345,MIL,Road,3,15,43,0.741,2025,58
346,MIL,Road,4,21,37,0.638,2025,58
347,MIL,Road,5,16,42,0.724,2025,58
348,MIL,Road,6,20,38,0.655,2025,58
349,MIL,Road,7,13,45,0.776,2025,58
350,MIL,Road,8,19,39,0.672,2025,58
351,MIL,Road,9,15,43,0.741,2025,58
171,MIL,Total,1,25,91,0.784,2025,116
172,MIL,Total,2,31,85,0.733,2025,116
173,MIL,Total,3,33,83,0.716,2025,116
174,MIL,Total,4,42,74,0.638,2025,116
175,MIL,Total,5,36,80,0.69,2025,116
176,MIL,Total,6,31,85,0.733,2025,116
177,MIL,Total,7,26,90,0.776,2025,116
178,MIL,Total,8,32,84,0.724,2025,116
179,MIL,Total,9,22,63,0.741,2025,85
353,MIN,Home,1,17,39,0.696,2025,56
354,MIN,Home,2,15,41,0.732,2025,56
355,MIN,Home,3,14,42,0.75,2025,56
356,MIN,Home,4,14,42,0.75,2025,56
357,MIN,Home,5,16,40,0.714,2025,56
358,MIN,Home,6,23,33,0.589,2025,56
359,MIN,Home,7,12,44,0.786,2025,56
360,MIN,Home,8,9,46,0.836,2025,55
361,MIN,Home,9,4,28,0.875,2025,32
363,MIN,Road,1,18,42,0.7,2025,60
364,MIN,Road,2,15,45,0.75,2025,60
365,MIN,Road,3,10,50,0.833,2025,60
366,MIN,Road,4,21,39,0.65,2025,60
367,MIN,Road,5,15,45,0.75,2025,60
368,MIN,Road,6,18,42,0.7,2025,60
369,MIN,Road,7,15,44,0.746,2025,59
370,MIN,Road,8,15,44,0.746,2025,59
371,MIN,Road,9,18,41,0.695,2025,59
182,MIN,Total,1,35,81,0.698,2025,116
183,MIN,Total,2,30,86,0.741,2025,116
184,MIN,Total,3,24,92,0.793,2025,116
185,MIN,Total,4,35,81,0.698,2025,116
186,MIN,Total,5,31,85,0.733,2025,116
187,MIN,Total,6,41,75,0.647,2025,116
188,MIN,Total,7,27,88,0.765,2025,115
189,MIN,Total,8,24,90,0.789,2025,114
190,MIN,Total,9,22,69,0.758,2025,91
374,NYM,Home,1,21,38,0.644,2025,59
375,NYM,Home,2,15,44,0.746,2025,59
376,NYM,Home,3,21,38,0.644,2025,59
377,NYM,Home,4,17,42,0.712,2025,59
378,NYM,Home,5,14,45,0.763,2025,59
379,NYM,Home,6,12,47,0.797,2025,59
380,NYM,Home,7,14,45,0.763,2025,59
381,NYM,Home,8,23,36,0.61,2025,59
382,NYM,Home,9,7,20,0.741,2025,27
387,NYM,Road,1,13,45,0.776,2025,58
388,NYM,Road,2,15,43,0.741,2025,58
389,NYM,Road,3,17,41,0.707,2025,58
390,NYM,Road,4,10,48,0.828,2025,58
391,NYM,Road,5,18,40,0.69,2025,58
392,NYM,Road,6,14,44,0.759,2025,58
393,NYM,Road,7,12,46,0.793,2025,58
394,NYM,Road,8,16,42,0.724,2025,58
395,NYM,Road,9,17,41,0.707,2025,58
193,NYM,Total,1,34,83,0.709,2025,117
194,NYM,Total,2,30,87,0.744,2025,117
195,NYM,Total,3,38,79,0.675,2025,117
196,NYM,Total,4,27,90,0.769,2025,117
197,NYM,Total,5,32,85,0.726,2025,117
198,NYM,Total,6,26,91,0.778,2025,117
199,NYM,Total,7,26,91,0.778,2025,117
200,NYM,Total,8,39,78,0.667,2025,117
201,NYM,Total,9,24,61,0.718,2025,85
398,NYY,Home,1,19,39,0.672,2025,58
399,NYY,Home,2,19,39,0.672,2025,58
400,NYY,Home,3,17,41,0.707,2025,58
401,NYY,Home,4,15,43,0.741,2025,58
402,NYY,Home,5,15,43,0.741,2025,58
403,NYY,Home,6,18,39,0.684,2025,57
404,NYY,Home,7,15,42,0.737,2025,57
405,NYY,Home,8,17,40,0.702,2025,57
406,NYY,Home,9,6,20,0.769,2025,26
409,NYY,Road,1,22,37,0.627,2025,59
410,NYY,Road,2,14,45,0.763,2025,59
411,NYY,Road,3,12,47,0.797,2025,59
412,NYY,Road,4,17,42,0.712,2025,59
413,NYY,Road,5,20,39,0.661,2025,59
414,NYY,Road,6,15,44,0.746,2025,59
415,NYY,Road,7,24,35,0.593,2025,59
416,NYY,Road,8,17,42,0.712,2025,59
417,NYY,Road,9,17,42,0.712,2025,59
206,NYY,Total,1,41,76,0.65,2025,117
207,NYY,Total,2,33,84,0.718,2025,117
208,NYY,Total,3,29,88,0.752,2025,117
209,NYY,Total,4,32,85,0.726,2025,117
210,NYY,Total,5,35,82,0.701,2025,117
211,NYY,Total,6,33,83,0.716,2025,116
212,NYY,Total,7,39,77,0.664,2025,116
213,NYY,Total,8,34,82,0.707,2025,116
214,NYY,Total,9,23,62,0.729,2025,85
420,OAK,Home,1,19,38,0.667,2025,57
421,OAK,Home,2,17,40,0.702,2025,57
422,OAK,Home,3,20,37,0.649,2025,57
423,OAK,Home,4,13,44,0.772,2025,57
424,OAK,Home,5,16,41,0.719,2025,57
425,OAK,Home,6,11,46,0.807,2025,57
426,OAK,Home,7,17,40,0.702,2025,57
427,OAK,Home,8,11,46,0.807,2025,57
428,OAK,Home,9,10,30,0.75,2025,40
431,OAK,Road,1,19,43,0.694,2025,62
432,OAK,Road,2,14,48,0.774,2025,62
433,OAK,Road,3,14,48,0.774,2025,62
434,OAK,Road,4,22,40,0.645,2025,62
435,OAK,Road,5,19,43,0.694,2025,62
436,OAK,Road,6,22,40,0.645,2025,62
437,OAK,Road,7,11,51,0.823,2025,62
438,OAK,Road,8,16,46,0.742,2025,62
439,OAK,Road,9,21,41,0.661,2025,62
217,OAK,Total,1,38,81,0.681,2025,119
218,OAK,Total,2,31,88,0.739,2025,119
219,OAK,Total,3,34,85,0.714,2025,119
220,OAK,Total,4,35,84,0.706,2025,119
221,OAK,Total,5,35,84,0.706,2025,119
222,OAK,Total,6,33,86,0.723,2025,119
223,OAK,Total,7,28,91,0.765,2025,119
224,OAK,Total,8,27,92,0.773,2025,119
225,OAK,Total,9,31,71,0.696,2025,102
442,PHI,Home,1,23,35,0.603,2025,58
443,PHI,Home,2,13,45,0.776,2025,58
444,PHI,Home,3,13,45,0.776,2025,58
445,PHI,Home,4,23,35,0.603,2025,58
446,PHI,Home,5,19,39,0.672,2025,58
447,PHI,Home,6,14,44,0.759,2025,58
448,PHI,Home,7,21,37,0.638,2025,58
449,PHI,Home,8,24,34,0.586,2025,58
450,PHI,Home,9,5,19,0.792,2025,24
453,PHI,Road,1,15,43,0.741,2025,58
454,PHI,Road,2,12,46,0.793,2025,58
455,PHI,Road,3,13,45,0.776,2025,58
456,PHI,Road,4,15,43,0.741,2025,58
457,PHI,Road,5,12,46,0.793,2025,58
458,PHI,Road,6,11,47,0.81,2025,58
459,PHI,Road,7,15,43,0.741,2025,58
460,PHI,Road,8,14,44,0.759,2025,58
461,PHI,Road,9,14,44,0.759,2025,58
228,PHI,Total,1,38,78,0.672,2025,116
229,PHI,Total,2,25,91,0.784,2025,116
230,PHI,Total,3,26,90,0.776,2025,116
231,PHI,Total,4,38,78,0.672,2025,116
232,PHI,Total,5,31,85,0.733,2025,116
233,PHI,Total,6,25,91,0.784,2025,116
234,PHI,Total,7,36,80,0.69,2025,116
235,PHI,Total,8,38,78,0.672,2025,116
236,PHI,Total,9,19,63,0.768,2025,82
464,PIT,Home,1,17,45,0.726,2025,62
465,PIT,Home,2,15,47,0.758,2025,62
466,PIT,Home,3,18,44,0.71,2025,62
467,PIT,Home,4,15,47,0.758,2025,62
468,PIT,Home,5,14,48,0.774,2025,62
469,PIT,Home,6,12,50,0.806,2025,62
470,PIT,Home,7,16,46,0.742,2025,62
471,PIT,Home,8,13,49,0.79,2025,62
472,PIT,Home,9,7,27,0.794,2025,34
477,PIT,Road,1,13,43,0.768,2025,56
478,PIT,Road,2,11,45,0.804,2025,56
479,PIT,Road,3,6,50,0.893,2025,56
480,PIT,Road,4,10,46,0.821,2025,56
481,PIT,Road,5,20,36,0.643,2025,56
482,PIT,Road,6,14,42,0.75,2025,56
483,PIT,Road,7,10,46,0.821,2025,56
484,PIT,Road,8,10,46,0.821,2025,56
485,PIT,Road,9,9,47,0.839,2025,56
239,PIT,Total,1,30,88,0.746,2025,118
240,PIT,Total,2,26,92,0.78,2025,118
241,PIT,Total,3,24,94,0.797,2025,118
242,PIT,Total,4,25,93,0.788,2025,118
243,PIT,Total,5,34,84,0.712,2025,118
244,PIT,Total,6,26,92,0.78,2025,118
245,PIT,Total,7,26,92,0.78,2025,118
246,PIT,Total,8,23,95,0.805,2025,118
247,PIT,Total,9,16,74,0.822,2025,90
489,SD,Home,1,14,43,0.754,2025,57
490,SD,Home,2,15,42,0.737,2025,57
491,SD,Home,3,19,38,0.667,2025,57
492,SD,Home,4,14,43,0.754,2025,57
493,SD,Home,5,17,40,0.702,2025,57
494,SD,Home,6,17,40,0.702,2025,57
495,SD,Home,7,25,32,0.561,2025,57
496,SD,Home,8,15,42,0.737,2025,57
497,SD,Home,9,4,22,0.846,2025,26
500,SD,Road,1,17,43,0.717,2025,60
501,SD,Road,2,17,43,0.717,2025,60
502,SD,Road,3,17,43,0.717,2025,60
503,SD,Road,4,15,45,0.75,2025,60
504,SD,Road,5,12,48,0.8,2025,60
505,SD,Road,6,7,53,0.883,2025,60
506,SD,Road,7,18,42,0.7,2025,60
507,SD,Road,8,12,48,0.8,2025,60
508,SD,Road,9,15,45,0.75,2025,60
252,SD,Total,1,31,86,0.735,2025,117
253,SD,Total,2,32,85,0.726,2025,117
254,SD,Total,3,36,81,0.692,2025,117
255,SD,Total,4,29,88,0.752,2025,117
256,SD,Total,5,29,88,0.752,2025,117
257,SD,Total,6,24,93,0.795,2025,117
258,SD,Total,7,43,74,0.632,2025,117
259,SD,Total,8,27,90,0.769,2025,117
260,SD,Total,9,19,67,0.779,2025,86
511,SEA,Home,1,11,50,0.82,2025,61
512,SEA,Home,2,21,40,0.656,2025,61
513,SEA,Home,3,14,47,0.77,2025,61
514,SEA,Home,4,18,43,0.705,2025,61
515,SEA,Home,5,11,50,0.82,2025,61
516,SEA,Home,6,17,44,0.721,2025,61
517,SEA,Home,7,18,43,0.705,2025,61
518,SEA,Home,8,12,49,0.803,2025,61
519,SEA,Home,9,4,29,0.879,2025,33
523,SEA,Road,1,22,35,0.614,2025,57
524,SEA,Road,2,15,42,0.737,2025,57
525,SEA,Road,3,16,41,0.719,2025,57
526,SEA,Road,4,18,39,0.684,2025,57
527,SEA,Road,5,18,39,0.684,2025,57
528,SEA,Road,6,21,36,0.632,2025,57
529,SEA,Road,7,14,43,0.754,2025,57
530,SEA,Road,8,13,44,0.772,2025,57
531,SEA,Road,9,18,39,0.684,2025,57
263,SEA,Total,1,33,85,0.72,2025,118
264,SEA,Total,2,36,82,0.695,2025,118
265,SEA,Total,3,30,88,0.746,2025,118
266,SEA,Total,4,36,82,0.695,2025,118
267,SEA,Total,5,29,89,0.754,2025,118
268,SEA,Total,6,38,80,0.678,2025,118
269,SEA,Total,7,32,86,0.729,2025,118
270,SEA,Total,8,25,93,0.788,2025,118
271,SEA,Total,9,22,68,0.756,2025,90
535,SF,Home,1,14,42,0.75,2025,56
536,SF,Home,2,11,45,0.804,2025,56
537,SF,Home,3,12,44,0.786,2025,56
538,SF,Home,4,18,38,0.679,2025,56
539,SF,Home,5,16,40,0.714,2025,56
540,SF,Home,6,11,45,0.804,2025,56
541,SF,Home,7,7,49,0.875,2025,56
542,SF,Home,8,12,44,0.786,2025,56
543,SF,Home,9,5,31,0.861,2025,36
546,SF,Road,1,18,43,0.705,2025,61
547,SF,Road,2,16,45,0.738,2025,61
548,SF,Road,3,14,47,0.77,2025,61
549,SF,Road,4,16,45,0.738,2025,61
550,SF,Road,5,21,40,0.656,2025,61
551,SF,Road,6,17,44,0.721,2025,61
552,SF,Road,7,13,47,0.783,2025,60
553,SF,Road,8,14,46,0.767,2025,60
554,SF,Road,9,14,46,0.767,2025,60
275,SF,Total,1,32,85,0.726,2025,117
276,SF,Total,2,27,90,0.769,2025,117
277,SF,Total,3,26,91,0.778,2025,117
278,SF,Total,4,34,83,0.709,2025,117
279,SF,Total,5,37,80,0.684,2025,117
280,SF,Total,6,28,89,0.761,2025,117
281,SF,Total,7,20,96,0.828,2025,116
282,SF,Total,8,26,90,0.776,2025,116
283,SF,Total,9,19,77,0.802,2025,96
557,STL,Home,1,14,44,0.759,2025,58
558,STL,Home,2,18,40,0.69,2025,58
559,STL,Home,3,17,41,0.707,2025,58
560,STL,Home,4,14,44,0.759,2025,58
561,STL,Home,5,13,45,0.776,2025,58
562,STL,Home,6,22,36,0.621,2025,58
563,STL,Home,7,15,43,0.741,2025,58
564,STL,Home,8,14,44,0.759,2025,58
565,STL,Home,9,2,27,0.931,2025,29
568,STL,Road,1,15,45,0.75,2025,60
569,STL,Road,2,11,49,0.817,2025,60
570,STL,Road,3,12,48,0.8,2025,60
571,STL,Road,4,19,41,0.683,2025,60
572,STL,Road,5,13,47,0.783,2025,60
573,STL,Road,6,17,43,0.717,2025,60
574,STL,Road,7,13,47,0.783,2025,60
575,STL,Road,8,19,41,0.683,2025,60
576,STL,Road,9,23,37,0.617,2025,60
286,STL,Total,1,29,89,0.754,2025,118
287,STL,Total,2,29,89,0.754,2025,118
288,STL,Total,3,29,89,0.754,2025,118
289,STL,Total,4,33,85,0.72,2025,118
290,STL,Total,5,26,92,0.78,2025,118
291,STL,Total,6,39,79,0.669,2025,118
292,STL,Total,7,28,90,0.763,2025,118
293,STL,Total,8,33,85,0.72,2025,118
294,STL,Total,9,25,64,0.719,2025,89
581,TB,Home,1,20,42,0.677,2025,62
582,TB,Home,2,12,50,0.806,2025,62
583,TB,Home,3,19,43,0.694,2025,62
584,TB,Home,4,25,37,0.597,2025,62
585,TB,Home,5,11,51,0.823,2025,62
586,TB,Home,6,16,46,0.742,2025,62
587,TB,Home,7,14,48,0.774,2025,62
588,TB,Home,8,17,45,0.726,2025,62
589,TB,Home,9,7,28,0.8,2025,35
591,TB,Road,1,13,43,0.768,2025,56
592,TB,Road,2,11,45,0.804,2025,56
593,TB,Road,3,19,37,0.661,2025,56
594,TB,Road,4,20,36,0.643,2025,56
595,TB,Road,5,16,40,0.714,2025,56
596,TB,Road,6,13,43,0.768,2025,56
597,TB,Road,7,14,42,0.75,2025,56
598,TB,Road,8,9,47,0.839,2025,56
599,TB,Road,9,11,45,0.804,2025,56
299,TB,Total,1,33,85,0.72,2025,118
300,TB,Total,2,23,95,0.805,2025,118
301,TB,Total,3,38,80,0.678,2025,118
302,TB,Total,4,45,73,0.619,2025,118
303,TB,Total,5,27,91,0.771,2025,118
304,TB,Total,6,29,89,0.754,2025,118
305,TB,Total,7,28,90,0.763,2025,118
306,TB,Total,8,26,92,0.78,2025,118
307,TB,Total,9,18,73,0.802,2025,91
602,TEX,Home,1,13,46,0.78,2025,59
603,TEX,Home,2,15,44,0.746,2025,59
604,TEX,Home,3,17,42,0.712,2025,59
605,TEX,Home,4,12,47,0.797,2025,59
606,TEX,Home,5,12,47,0.797,2025,59
607,TEX,Home,6,16,43,0.729,2025,59
608,TEX,Home,7,15,44,0.746,2025,59
609,TEX,Home,8,12,47,0.797,2025,59
610,TEX,Home,9,4,25,0.862,2025,29
614,TEX,Road,1,18,41,0.695,2025,59
615,TEX,Road,2,11,48,0.814,2025,59
616,TEX,Road,3,20,39,0.661,2025,59
617,TEX,Road,4,18,41,0.695,2025,59
618,TEX,Road,5,17,42,0.712,2025,59
619,TEX,Road,6,17,42,0.712,2025,59
620,TEX,Road,7,11,48,0.814,2025,59
621,TEX,Road,8,17,42,0.712,2025,59
622,TEX,Road,9,10,49,0.831,2025,59
310,TEX,Total,1,31,87,0.737,2025,118
311,TEX,Total,2,26,92,0.78,2025,118
312,TEX,Total,3,37,81,0.686,2025,118
313,TEX,Total,4,30,88,0.746,2025,118
314,TEX,Total,5,29,89,0.754,2025,118
315,TEX,Total,6,33,85,0.72,2025,118
316,TEX,Total,7,26,92,0.78,2025,118
317,TEX,Total,8,29,89,0.754,2025,118
318,TEX,Total,9,14,74,0.841,2025,88
625,TOR,Home,1,17,40,0.702,2025,57
626,TOR,Home,2,12,45,0.789,2025,57
627,TOR,Home,3,22,35,0.614,2025,57
628,TOR,Home,4,13,44,0.772,2025,57
629,TOR,Home,5,20,37,0.649,2025,57
630,TOR,Home,6,20,37,0.649,2025,57
631,TOR,Home,7,18,39,0.684,2025,57
632,TOR,Home,8,19,38,0.667,2025,57
633,TOR,Home,9,5,21,0.808,2025,26
637,TOR,Road,1,13,48,0.787,2025,61
638,TOR,Road,2,14,47,0.77,2025,61
639,TOR,Road,3,19,42,0.689,2025,61
640,TOR,Road,4,16,45,0.738,2025,61
641,TOR,Road,5,19,42,0.689,2025,61
642,TOR,Road,6,17,44,0.721,2025,61
643,TOR,Road,7,14,47,0.77,2025,61
644,TOR,Road,8,16,44,0.733,2025,60
645,TOR,Road,9,13,47,0.783,2025,60
322,TOR,Total,1,30,88,0.746,2025,118
323,TOR,Total,2,26,92,0.78,2025,118
324,TOR,Total,3,41,77,0.653,2025,118
325,TOR,Total,4,29,89,0.754,2025,118
326,TOR,Total,5,39,79,0.669,2025,118
327,TOR,Total,6,37,81,0.686,2025,118
328,TOR,Total,7,32,86,0.729,2025,118
329,TOR,Total,8,35,82,0.701,2025,117
330,TOR,Total,9,18,68,0.791,2025,86
648,WSH,Home,1,18,40,0.69,2025,58
649,WSH,Home,2,15,43,0.741,2025,58
650,WSH,Home,3,13,45,0.776,2025,58
651,WSH,Home,4,12,46,0.793,2025,58
652,WSH,Home,5,10,48,0.828,2025,58
653,WSH,Home,6,16,42,0.724,2025,58
654,WSH,Home,7,13,45,0.776,2025,58
655,WSH,Home,8,11,47,0.81,2025,58
656,WSH,Home,9,12,29,0.707,2025,41
659,WSH,Road,1,14,44,0.759,2025,58
660,WSH,Road,2,13,45,0.776,2025,58
661,WSH,Road,3,9,49,0.845,2025,58
662,WSH,Road,4,18,40,0.69,2025,58
663,WSH,Road,5,13,45,0.776,2025,58
664,WSH,Road,6,18,40,0.69,2025,58
665,WSH,Road,7,19,39,0.672,2025,58
666,WSH,Road,8,15,43,0.741,2025,58
667,WSH,Road,9,17,41,0.707,2025,58
334,WSH,Total,1,32,84,0.724,2025,116
335,WSH,Total,2,28,88,0.759,2025,116
336,WSH,Total,3,22,94,0.81,2025,116
337,WSH,Total,4,30,86,0.741,2025,116
338,WSH,Total,5,23,93,0.802,2025,116
339,WSH,Total,6,34,82,0.707,2025,116
340,WSH,Total,7,32,84,0.724,2025,116
341,WSH,Total,8,26,90,0.776,2025,116
342,WSH,Total,9,29,70,0.707,2025,99
