,BatterTeam,Split,inning,YRA,NRA,NRA%,Year,Apps
0,ARI,Home,1,33,39,0.542,2025,72
1,ARI,Home,2,22,50,0.694,2025,72
2,ARI,Home,3,25,47,0.653,2025,72
3,ARI,Home,4,26,46,0.639,2025,72
4,ARI,Home,5,29,43,0.597,2025,72
5,ARI,Home,6,17,55,0.764,2025,72
6,ARI,Home,7,18,54,0.75,2025,72
7,ARI,Home,8,22,50,0.694,2025,72
8,ARI,Home,9,12,28,0.7,2025,40
11,ARI,Road,1,20,56,0.737,2025,76
12,ARI,Road,2,25,51,0.671,2025,76
13,ARI,Road,3,24,52,0.684,2025,76
14,ARI,Road,4,23,53,0.697,2025,76
15,ARI,Road,5,23,53,0.697,2025,76
16,ARI,Road,6,18,58,0.763,2025,76
17,ARI,Road,7,21,55,0.724,2025,76
18,ARI,Road,8,19,57,0.75,2025,76
19,ARI,Road,9,22,54,0.711,2025,76
0,ARI,Total,1,53,95,0.642,2025,148
1,ARI,Total,2,47,101,0.682,2025,148
2,ARI,Total,3,49,99,0.669,2025,148
3,ARI,Total,4,49,99,0.669,2025,148
4,ARI,Total,5,52,96,0.649,2025,148
5,ARI,Total,6,35,113,0.764,2025,148
6,ARI,Total,7,39,109,0.736,2025,148
7,ARI,Total,8,41,107,0.723,2025,148
8,ARI,Total,9,34,82,0.707,2025,116
22,ATL,Home,1,22,51,0.699,2025,73
23,ATL,Home,2,10,63,0.863,2025,73
24,ATL,Home,3,19,54,0.74,2025,73
25,ATL,Home,4,20,53,0.726,2025,73
26,ATL,Home,5,19,54,0.74,2025,73
27,ATL,Home,6,24,49,0.671,2025,73
28,ATL,Home,7,16,57,0.781,2025,73
29,ATL,Home,8,18,55,0.753,2025,73
30,ATL,Home,9,10,33,0.767,2025,43
33,ATL,Road,1,20,54,0.73,2025,74
34,ATL,Road,2,19,55,0.743,2025,74
35,ATL,Road,3,15,59,0.797,2025,74
36,ATL,Road,4,24,50,0.676,2025,74
37,ATL,Road,5,16,58,0.784,2025,74
38,ATL,Road,6,20,54,0.73,2025,74
39,ATL,Road,7,17,57,0.77,2025,74
40,ATL,Road,8,20,54,0.73,2025,74
41,ATL,Road,9,20,54,0.73,2025,74
11,ATL,Total,1,42,105,0.714,2025,147
12,ATL,Total,2,29,118,0.803,2025,147
13,ATL,Total,3,34,113,0.769,2025,147
14,ATL,Total,4,44,103,0.701,2025,147
15,ATL,Total,5,35,112,0.762,2025,147
16,ATL,Total,6,44,103,0.701,2025,147
17,ATL,Total,7,33,114,0.776,2025,147
18,ATL,Total,8,38,109,0.741,2025,147
19,ATL,Total,9,30,87,0.744,2025,117
44,BAL,Home,1,20,54,0.73,2025,74
45,BAL,Home,2,22,52,0.703,2025,74
46,BAL,Home,3,23,51,0.689,2025,74
47,BAL,Home,4,12,62,0.838,2025,74
48,BAL,Home,5,19,55,0.743,2025,74
49,BAL,Home,6,22,52,0.703,2025,74
50,BAL,Home,7,25,49,0.662,2025,74
51,BAL,Home,8,21,53,0.716,2025,74
52,BAL,Home,9,6,37,0.86,2025,43
55,BAL,Road,1,19,54,0.74,2025,73
56,BAL,Road,2,11,62,0.849,2025,73
57,BAL,Road,3,23,50,0.685,2025,73
58,BAL,Road,4,18,55,0.753,2025,73
59,BAL,Road,5,20,53,0.726,2025,73
60,BAL,Road,6,15,58,0.795,2025,73
61,BAL,Road,7,20,53,0.726,2025,73
62,BAL,Road,8,15,58,0.795,2025,73
63,BAL,Road,9,12,61,0.836,2025,73
22,BAL,Total,1,39,108,0.735,2025,147
23,BAL,Total,2,33,114,0.776,2025,147
24,BAL,Total,3,46,101,0.687,2025,147
25,BAL,Total,4,30,117,0.796,2025,147
26,BAL,Total,5,39,108,0.735,2025,147
27,BAL,Total,6,37,110,0.748,2025,147
28,BAL,Total,7,45,102,0.694,2025,147
29,BAL,Total,8,36,111,0.755,2025,147
30,BAL,Total,9,18,98,0.845,2025,116
67,BOS,Home,1,24,49,0.671,2025,73
68,BOS,Home,2,17,56,0.767,2025,73
69,BOS,Home,3,23,50,0.685,2025,73
70,BOS,Home,4,19,54,0.74,2025,73
71,BOS,Home,5,24,49,0.671,2025,73
72,BOS,Home,6,24,49,0.671,2025,73
73,BOS,Home,7,25,48,0.658,2025,73
74,BOS,Home,8,20,53,0.726,2025,73
75,BOS,Home,9,7,32,0.821,2025,39
78,BOS,Road,1,22,53,0.707,2025,75
79,BOS,Road,2,22,53,0.707,2025,75
80,BOS,Road,3,23,52,0.693,2025,75
81,BOS,Road,4,20,55,0.733,2025,75
82,BOS,Road,5,21,54,0.72,2025,75
83,BOS,Road,6,20,55,0.733,2025,75
84,BOS,Road,7,17,58,0.773,2025,75
85,BOS,Road,8,16,59,0.787,2025,75
86,BOS,Road,9,25,50,0.667,2025,75
34,BOS,Total,1,46,102,0.689,2025,148
35,BOS,Total,2,39,109,0.736,2025,148
36,BOS,Total,3,46,102,0.689,2025,148
37,BOS,Total,4,39,109,0.736,2025,148
38,BOS,Total,5,45,103,0.696,2025,148
39,BOS,Total,6,44,104,0.703,2025,148
40,BOS,Total,7,42,106,0.716,2025,148
41,BOS,Total,8,36,112,0.757,2025,148
42,BOS,Total,9,32,82,0.719,2025,114
90,CHC,Home,1,20,53,0.726,2025,73
91,CHC,Home,2,31,42,0.575,2025,73
92,CHC,Home,3,21,52,0.712,2025,73
93,CHC,Home,4,19,54,0.74,2025,73
94,CHC,Home,5,25,48,0.658,2025,73
95,CHC,Home,6,17,56,0.767,2025,73
96,CHC,Home,7,16,57,0.781,2025,73
97,CHC,Home,8,22,51,0.699,2025,73
98,CHC,Home,9,4,31,0.886,2025,35
101,CHC,Road,1,23,51,0.689,2025,74
102,CHC,Road,2,18,56,0.757,2025,74
103,CHC,Road,3,19,55,0.743,2025,74
104,CHC,Road,4,26,48,0.649,2025,74
105,CHC,Road,5,21,53,0.716,2025,74
106,CHC,Road,6,23,51,0.689,2025,74
107,CHC,Road,7,26,48,0.649,2025,74
108,CHC,Road,8,24,50,0.676,2025,74
109,CHC,Road,9,16,58,0.784,2025,74
46,CHC,Total,1,43,104,0.707,2025,147
47,CHC,Total,2,49,98,0.667,2025,147
48,CHC,Total,3,40,107,0.728,2025,147
49,CHC,Total,4,45,102,0.694,2025,147
50,CHC,Total,5,46,101,0.687,2025,147
51,CHC,Total,6,40,107,0.728,2025,147
52,CHC,Total,7,42,105,0.714,2025,147
53,CHC,Total,8,46,101,0.687,2025,147
54,CHC,Total,9,20,89,0.817,2025,109
112,CIN,Home,1,29,45,0.608,2025,74
113,CIN,Home,2,20,54,0.73,2025,74
114,CIN,Home,3,20,54,0.73,2025,74
115,CIN,Home,4,21,53,0.716,2025,74
116,CIN,Home,5,16,58,0.784,2025,74
117,CIN,Home,6,23,51,0.689,2025,74
118,CIN,Home,7,24,49,0.671,2025,73
119,CIN,Home,8,14,59,0.808,2025,73
120,CIN,Home,9,9,31,0.775,2025,40
123,CIN,Road,1,16,57,0.781,2025,73
124,CIN,Road,2,12,61,0.836,2025,73
125,CIN,Road,3,21,52,0.712,2025,73
126,CIN,Road,4,21,52,0.712,2025,73
127,CIN,Road,5,22,51,0.699,2025,73
128,CIN,Road,6,22,51,0.699,2025,73
129,CIN,Road,7,12,61,0.836,2025,73
130,CIN,Road,8,25,48,0.658,2025,73
131,CIN,Road,9,21,52,0.712,2025,73
57,CIN,Total,1,45,102,0.694,2025,147
58,CIN,Total,2,32,115,0.782,2025,147
59,CIN,Total,3,41,106,0.721,2025,147
60,CIN,Total,4,42,105,0.714,2025,147
61,CIN,Total,5,38,109,0.741,2025,147
62,CIN,Total,6,45,102,0.694,2025,147
63,CIN,Total,7,36,110,0.753,2025,146
64,CIN,Total,8,39,107,0.733,2025,146
65,CIN,Total,9,30,83,0.735,2025,113
134,CLE,Home,1,24,49,0.671,2025,73
135,CLE,Home,2,10,63,0.863,2025,73
136,CLE,Home,3,18,55,0.753,2025,73
137,CLE,Home,4,29,44,0.603,2025,73
138,CLE,Home,5,15,58,0.795,2025,73
139,CLE,Home,6,19,54,0.74,2025,73
140,CLE,Home,7,18,55,0.753,2025,73
141,CLE,Home,8,15,58,0.795,2025,73
142,CLE,Home,9,8,33,0.805,2025,41
144,CLE,Road,1,17,57,0.77,2025,74
145,CLE,Road,2,17,57,0.77,2025,74
146,CLE,Road,3,20,54,0.73,2025,74
147,CLE,Road,4,21,53,0.716,2025,74
148,CLE,Road,5,15,59,0.797,2025,74
149,CLE,Road,6,22,52,0.703,2025,74
150,CLE,Road,7,16,58,0.784,2025,74
151,CLE,Road,8,16,58,0.784,2025,74
152,CLE,Road,9,15,59,0.797,2025,74
68,CLE,Total,1,41,106,0.721,2025,147
69,CLE,Total,2,27,120,0.816,2025,147
70,CLE,Total,3,38,109,0.741,2025,147
71,CLE,Total,4,50,97,0.66,2025,147
72,CLE,Total,5,30,117,0.796,2025,147
73,CLE,Total,6,41,106,0.721,2025,147
74,CLE,Total,7,34,113,0.769,2025,147
75,CLE,Total,8,31,116,0.789,2025,147
76,CLE,Total,9,23,92,0.8,2025,115
155,COL,Home,1,22,53,0.707,2025,75
156,COL,Home,2,22,53,0.707,2025,75
157,COL,Home,3,29,46,0.613,2025,75
158,COL,Home,4,25,50,0.667,2025,75
159,COL,Home,5,23,52,0.693,2025,75
160,COL,Home,6,20,55,0.733,2025,75
161,COL,Home,7,18,57,0.76,2025,75
162,COL,Home,8,23,52,0.693,2025,75
163,COL,Home,9,16,40,0.714,2025,56
166,COL,Road,1,9,64,0.877,2025,73
167,COL,Road,2,10,63,0.863,2025,73
168,COL,Road,3,17,56,0.767,2025,73
169,COL,Road,4,13,60,0.822,2025,73
170,COL,Road,5,16,57,0.781,2025,73
171,COL,Road,6,17,56,0.767,2025,73
172,COL,Road,7,18,55,0.753,2025,73
173,COL,Road,8,14,59,0.808,2025,73
174,COL,Road,9,13,60,0.822,2025,73
79,COL,Total,1,31,117,0.791,2025,148
80,COL,Total,2,32,116,0.784,2025,148
81,COL,Total,3,46,102,0.689,2025,148
82,COL,Total,4,38,110,0.743,2025,148
83,COL,Total,5,39,109,0.736,2025,148
84,COL,Total,6,37,111,0.75,2025,148
85,COL,Total,7,36,112,0.757,2025,148
86,COL,Total,8,37,111,0.75,2025,148
87,COL,Total,9,29,100,0.775,2025,129
177,CWS,Home,1,22,53,0.707,2025,75
178,CWS,Home,2,22,53,0.707,2025,75
179,CWS,Home,3,13,62,0.827,2025,75
180,CWS,Home,4,19,56,0.747,2025,75
181,CWS,Home,5,17,58,0.773,2025,75
182,CWS,Home,6,21,54,0.72,2025,75
183,CWS,Home,7,17,56,0.767,2025,73
184,CWS,Home,8,22,51,0.699,2025,73
185,CWS,Home,9,5,40,0.889,2025,45
188,CWS,Road,1,22,51,0.699,2025,73
189,CWS,Road,2,17,56,0.767,2025,73
190,CWS,Road,3,16,57,0.781,2025,73
191,CWS,Road,4,20,53,0.726,2025,73
192,CWS,Road,5,18,55,0.753,2025,73
193,CWS,Road,6,20,53,0.726,2025,73
194,CWS,Road,7,19,54,0.74,2025,73
195,CWS,Road,8,16,56,0.778,2025,72
196,CWS,Road,9,16,56,0.778,2025,72
90,CWS,Total,1,44,104,0.703,2025,148
91,CWS,Total,2,39,109,0.736,2025,148
92,CWS,Total,3,29,119,0.804,2025,148
93,CWS,Total,4,39,109,0.736,2025,148
94,CWS,Total,5,35,113,0.764,2025,148
95,CWS,Total,6,41,107,0.723,2025,148
96,CWS,Total,7,36,110,0.753,2025,146
97,CWS,Total,8,38,107,0.738,2025,145
98,CWS,Total,9,21,96,0.821,2025,117
199,DET,Home,1,24,51,0.68,2025,75
200,DET,Home,2,23,52,0.693,2025,75
201,DET,Home,3,23,52,0.693,2025,75
202,DET,Home,4,30,45,0.6,2025,75
203,DET,Home,5,30,45,0.6,2025,75
204,DET,Home,6,19,56,0.747,2025,75
205,DET,Home,7,25,50,0.667,2025,75
206,DET,Home,8,16,59,0.787,2025,75
207,DET,Home,9,6,27,0.818,2025,33
210,DET,Road,1,16,57,0.781,2025,73
211,DET,Road,2,17,56,0.767,2025,73
212,DET,Road,3,22,51,0.699,2025,73
213,DET,Road,4,20,53,0.726,2025,73
214,DET,Road,5,13,60,0.822,2025,73
215,DET,Road,6,11,62,0.849,2025,73
216,DET,Road,7,22,51,0.699,2025,73
217,DET,Road,8,24,49,0.671,2025,73
218,DET,Road,9,17,56,0.767,2025,73
101,DET,Total,1,40,108,0.73,2025,148
102,DET,Total,2,40,108,0.73,2025,148
103,DET,Total,3,45,103,0.696,2025,148
104,DET,Total,4,50,98,0.662,2025,148
105,DET,Total,5,43,105,0.709,2025,148
106,DET,Total,6,30,118,0.797,2025,148
107,DET,Total,7,47,101,0.682,2025,148
108,DET,Total,8,40,108,0.73,2025,148
109,DET,Total,9,23,83,0.783,2025,106
221,HOU,Home,1,17,58,0.773,2025,75
222,HOU,Home,2,15,60,0.8,2025,75
223,HOU,Home,3,21,54,0.72,2025,75
224,HOU,Home,4,18,57,0.76,2025,75
225,HOU,Home,5,22,53,0.707,2025,75
226,HOU,Home,6,24,51,0.68,2025,75
227,HOU,Home,7,17,58,0.773,2025,75
228,HOU,Home,8,22,53,0.707,2025,75
229,HOU,Home,9,6,33,0.846,2025,39
233,HOU,Road,1,20,53,0.726,2025,73
234,HOU,Road,2,15,58,0.795,2025,73
235,HOU,Road,3,18,55,0.753,2025,73
236,HOU,Road,4,14,59,0.808,2025,73
237,HOU,Road,5,19,54,0.74,2025,73
238,HOU,Road,6,24,49,0.671,2025,73
239,HOU,Road,7,17,56,0.767,2025,73
240,HOU,Road,8,21,51,0.708,2025,72
241,HOU,Road,9,14,58,0.806,2025,72
112,HOU,Total,1,37,111,0.75,2025,148
113,HOU,Total,2,30,118,0.797,2025,148
114,HOU,Total,3,39,109,0.736,2025,148
115,HOU,Total,4,32,116,0.784,2025,148
116,HOU,Total,5,41,107,0.723,2025,148
117,HOU,Total,6,48,100,0.676,2025,148
118,HOU,Total,7,34,114,0.77,2025,148
119,HOU,Total,8,43,104,0.707,2025,147
120,HOU,Total,9,20,91,0.82,2025,111
245,KC,Home,1,24,51,0.68,2025,75
246,KC,Home,2,16,59,0.787,2025,75
247,KC,Home,3,18,57,0.76,2025,75
248,KC,Home,4,17,58,0.773,2025,75
249,KC,Home,5,17,58,0.773,2025,75
250,KC,Home,6,19,56,0.747,2025,75
251,KC,Home,7,18,57,0.76,2025,75
252,KC,Home,8,19,56,0.747,2025,75
253,KC,Home,9,10,32,0.762,2025,42
257,KC,Road,1,22,51,0.699,2025,73
258,KC,Road,2,14,59,0.808,2025,73
259,KC,Road,3,17,56,0.767,2025,73
260,KC,Road,4,20,53,0.726,2025,73
261,KC,Road,5,22,51,0.699,2025,73
262,KC,Road,6,12,61,0.836,2025,73
263,KC,Road,7,14,59,0.808,2025,73
264,KC,Road,8,20,53,0.726,2025,73
265,KC,Road,9,16,57,0.781,2025,73
124,KC,Total,1,46,102,0.689,2025,148
125,KC,Total,2,30,118,0.797,2025,148
126,KC,Total,3,35,113,0.764,2025,148
127,KC,Total,4,37,111,0.75,2025,148
128,KC,Total,5,39,109,0.736,2025,148
129,KC,Total,6,31,117,0.791,2025,148
130,KC,Total,7,32,116,0.784,2025,148
131,KC,Total,8,39,109,0.736,2025,148
132,KC,Total,9,26,89,0.774,2025,115
268,LAA,Home,1,25,50,0.667,2025,75
269,LAA,Home,2,15,60,0.8,2025,75
270,LAA,Home,3,16,59,0.787,2025,75
271,LAA,Home,4,22,53,0.707,2025,75
272,LAA,Home,5,21,54,0.72,2025,75
273,LAA,Home,6,19,56,0.747,2025,75
274,LAA,Home,7,19,56,0.747,2025,75
275,LAA,Home,8,19,56,0.747,2025,75
276,LAA,Home,9,9,38,0.809,2025,47
279,LAA,Road,1,27,46,0.63,2025,73
280,LAA,Road,2,18,55,0.753,2025,73
281,LAA,Road,3,18,55,0.753,2025,73
282,LAA,Road,4,18,55,0.753,2025,73
283,LAA,Road,5,23,50,0.685,2025,73
284,LAA,Road,6,15,58,0.795,2025,73
285,LAA,Road,7,20,53,0.726,2025,73
286,LAA,Road,8,17,56,0.767,2025,73
287,LAA,Road,9,17,56,0.767,2025,73
136,LAA,Total,1,52,96,0.649,2025,148
137,LAA,Total,2,33,115,0.777,2025,148
138,LAA,Total,3,34,114,0.77,2025,148
139,LAA,Total,4,40,108,0.73,2025,148
140,LAA,Total,5,44,104,0.703,2025,148
141,LAA,Total,6,34,114,0.77,2025,148
142,LAA,Total,7,39,109,0.736,2025,148
143,LAA,Total,8,36,112,0.757,2025,148
144,LAA,Total,9,26,94,0.783,2025,120
291,LAD,Home,1,28,46,0.622,2025,74
292,LAD,Home,2,25,49,0.662,2025,74
293,LAD,Home,3,21,53,0.716,2025,74
294,LAD,Home,4,21,53,0.716,2025,74
295,LAD,Home,5,21,53,0.716,2025,74
296,LAD,Home,6,28,46,0.622,2025,74
297,LAD,Home,7,22,52,0.703,2025,74
298,LAD,Home,8,23,51,0.689,2025,74
299,LAD,Home,9,9,26,0.743,2025,35
301,LAD,Road,1,22,51,0.699,2025,73
302,LAD,Road,2,19,54,0.74,2025,73
303,LAD,Road,3,18,55,0.753,2025,73
304,LAD,Road,4,18,55,0.753,2025,73
305,LAD,Road,5,19,54,0.74,2025,73
306,LAD,Road,6,23,50,0.685,2025,73
307,LAD,Road,7,24,49,0.671,2025,73
308,LAD,Road,8,14,59,0.808,2025,73
309,LAD,Road,9,22,51,0.699,2025,73
148,LAD,Total,1,50,97,0.66,2025,147
149,LAD,Total,2,44,103,0.701,2025,147
150,LAD,Total,3,39,108,0.735,2025,147
151,LAD,Total,4,39,108,0.735,2025,147
152,LAD,Total,5,40,107,0.728,2025,147
153,LAD,Total,6,51,96,0.653,2025,147
154,LAD,Total,7,46,101,0.687,2025,147
155,LAD,Total,8,37,110,0.748,2025,147
156,LAD,Total,9,31,77,0.713,2025,108
314,MIA,Home,1,22,54,0.711,2025,76
315,MIA,Home,2,22,54,0.711,2025,76
316,MIA,Home,3,15,61,0.803,2025,76
317,MIA,Home,4,15,61,0.803,2025,76
318,MIA,Home,5,22,54,0.711,2025,76
319,MIA,Home,6,21,55,0.724,2025,76
320,MIA,Home,7,21,55,0.724,2025,76
321,MIA,Home,8,18,58,0.763,2025,76
322,MIA,Home,9,11,38,0.776,2025,49
326,MIA,Road,1,19,53,0.736,2025,72
327,MIA,Road,2,13,59,0.819,2025,72
328,MIA,Road,3,20,52,0.722,2025,72
329,MIA,Road,4,18,54,0.75,2025,72
330,MIA,Road,5,24,48,0.667,2025,72
331,MIA,Road,6,15,57,0.792,2025,72
332,MIA,Road,7,22,50,0.694,2025,72
333,MIA,Road,8,22,50,0.694,2025,72
334,MIA,Road,9,14,58,0.806,2025,72
161,MIA,Total,1,41,107,0.723,2025,148
162,MIA,Total,2,35,113,0.764,2025,148
163,MIA,Total,3,35,113,0.764,2025,148
164,MIA,Total,4,33,115,0.777,2025,148
165,MIA,Total,5,46,102,0.689,2025,148
166,MIA,Total,6,36,112,0.757,2025,148
167,MIA,Total,7,43,105,0.709,2025,148
168,MIA,Total,8,40,108,0.73,2025,148
169,MIA,Total,9,25,96,0.793,2025,121
337,MIL,Home,1,13,60,0.822,2025,73
338,MIL,Home,2,18,55,0.753,2025,73
339,MIL,Home,3,26,47,0.644,2025,73
340,MIL,Home,4,30,43,0.589,2025,73
341,MIL,Home,5,23,50,0.685,2025,73
342,MIL,Home,6,16,57,0.781,2025,73
343,MIL,Home,7,16,57,0.781,2025,73
344,MIL,Home,8,19,54,0.74,2025,73
345,MIL,Home,9,7,29,0.806,2025,36
348,MIL,Road,1,23,52,0.693,2025,75
349,MIL,Road,2,23,52,0.693,2025,75
350,MIL,Road,3,19,56,0.747,2025,75
351,MIL,Road,4,24,51,0.68,2025,75
352,MIL,Road,5,19,56,0.747,2025,75
353,MIL,Road,6,27,48,0.64,2025,75
354,MIL,Road,7,17,58,0.773,2025,75
355,MIL,Road,8,23,52,0.693,2025,75
356,MIL,Road,9,21,54,0.72,2025,75
173,MIL,Total,1,36,112,0.757,2025,148
174,MIL,Total,2,41,107,0.723,2025,148
175,MIL,Total,3,45,103,0.696,2025,148
176,MIL,Total,4,54,94,0.635,2025,148
177,MIL,Total,5,42,106,0.716,2025,148
178,MIL,Total,6,43,105,0.709,2025,148
179,MIL,Total,7,33,115,0.777,2025,148
180,MIL,Total,8,42,106,0.716,2025,148
181,MIL,Total,9,28,83,0.748,2025,111
359,MIN,Home,1,19,53,0.736,2025,72
360,MIN,Home,2,19,53,0.736,2025,72
361,MIN,Home,3,21,51,0.708,2025,72
362,MIN,Home,4,23,49,0.681,2025,72
363,MIN,Home,5,24,48,0.667,2025,72
364,MIN,Home,6,27,45,0.625,2025,72
365,MIN,Home,7,15,57,0.792,2025,72
366,MIN,Home,8,10,61,0.859,2025,71
367,MIN,Home,9,7,38,0.844,2025,45
370,MIN,Road,1,21,54,0.72,2025,75
371,MIN,Road,2,17,58,0.773,2025,75
372,MIN,Road,3,14,61,0.813,2025,75
373,MIN,Road,4,27,48,0.64,2025,75
374,MIN,Road,5,18,57,0.76,2025,75
375,MIN,Road,6,26,49,0.653,2025,75
376,MIN,Road,7,20,54,0.73,2025,74
377,MIN,Road,8,16,58,0.784,2025,74
378,MIN,Road,9,22,52,0.703,2025,74
184,MIN,Total,1,40,107,0.728,2025,147
185,MIN,Total,2,36,111,0.755,2025,147
186,MIN,Total,3,35,112,0.762,2025,147
187,MIN,Total,4,50,97,0.66,2025,147
188,MIN,Total,5,42,105,0.714,2025,147
189,MIN,Total,6,53,94,0.639,2025,147
190,MIN,Total,7,35,111,0.76,2025,146
191,MIN,Total,8,26,119,0.821,2025,145
192,MIN,Total,9,29,90,0.756,2025,119
381,NYM,Home,1,26,47,0.644,2025,73
382,NYM,Home,2,21,52,0.712,2025,73
383,NYM,Home,3,27,46,0.63,2025,73
384,NYM,Home,4,21,52,0.712,2025,73
385,NYM,Home,5,20,53,0.726,2025,73
386,NYM,Home,6,17,56,0.767,2025,73
387,NYM,Home,7,19,54,0.74,2025,73
388,NYM,Home,8,26,47,0.644,2025,73
389,NYM,Home,9,7,28,0.8,2025,35
394,NYM,Road,1,18,57,0.76,2025,75
395,NYM,Road,2,19,56,0.747,2025,75
396,NYM,Road,3,25,50,0.667,2025,75
397,NYM,Road,4,17,58,0.773,2025,75
398,NYM,Road,5,20,55,0.733,2025,75
399,NYM,Road,6,18,57,0.76,2025,75
400,NYM,Road,7,19,56,0.747,2025,75
401,NYM,Road,8,19,56,0.747,2025,75
402,NYM,Road,9,24,51,0.68,2025,75
195,NYM,Total,1,44,104,0.703,2025,148
196,NYM,Total,2,40,108,0.73,2025,148
197,NYM,Total,3,52,96,0.649,2025,148
198,NYM,Total,4,38,110,0.743,2025,148
199,NYM,Total,5,40,108,0.73,2025,148
200,NYM,Total,6,35,113,0.764,2025,148
201,NYM,Total,7,38,110,0.743,2025,148
202,NYM,Total,8,45,103,0.696,2025,148
203,NYM,Total,9,31,79,0.718,2025,110
405,NYY,Home,1,26,49,0.653,2025,75
406,NYY,Home,2,25,50,0.667,2025,75
407,NYY,Home,3,25,50,0.667,2025,75
408,NYY,Home,4,21,54,0.72,2025,75
409,NYY,Home,5,19,56,0.747,2025,75
410,NYY,Home,6,20,54,0.73,2025,74
411,NYY,Home,7,19,55,0.743,2025,74
412,NYY,Home,8,21,53,0.716,2025,74
413,NYY,Home,9,6,28,0.824,2025,34
416,NYY,Road,1,30,42,0.583,2025,72
417,NYY,Road,2,19,53,0.736,2025,72
418,NYY,Road,3,17,55,0.764,2025,72
419,NYY,Road,4,23,49,0.681,2025,72
420,NYY,Road,5,24,48,0.667,2025,72
421,NYY,Road,6,19,53,0.736,2025,72
422,NYY,Road,7,29,43,0.597,2025,72
423,NYY,Road,8,21,51,0.708,2025,72
424,NYY,Road,9,21,51,0.708,2025,72
208,NYY,Total,1,56,91,0.619,2025,147
209,NYY,Total,2,44,103,0.701,2025,147
210,NYY,Total,3,42,105,0.714,2025,147
211,NYY,Total,4,44,103,0.701,2025,147
212,NYY,Total,5,43,104,0.707,2025,147
213,NYY,Total,6,39,107,0.733,2025,146
214,NYY,Total,7,48,98,0.671,2025,146
215,NYY,Total,8,42,104,0.712,2025,146
216,NYY,Total,9,27,79,0.745,2025,106
427,OAK,Home,1,26,47,0.644,2025,73
428,OAK,Home,2,20,53,0.726,2025,73
429,OAK,Home,3,28,45,0.616,2025,73
430,OAK,Home,4,15,58,0.795,2025,73
431,OAK,Home,5,22,51,0.699,2025,73
432,OAK,Home,6,13,60,0.822,2025,73
433,OAK,Home,7,20,53,0.726,2025,73
434,OAK,Home,8,18,55,0.753,2025,73
435,OAK,Home,9,11,39,0.78,2025,50
438,OAK,Road,1,22,53,0.707,2025,75
439,OAK,Road,2,18,57,0.76,2025,75
440,OAK,Road,3,18,57,0.76,2025,75
441,OAK,Road,4,27,48,0.64,2025,75
442,OAK,Road,5,19,56,0.747,2025,75
443,OAK,Road,6,27,48,0.64,2025,75
444,OAK,Road,7,15,60,0.8,2025,75
445,OAK,Road,8,21,54,0.72,2025,75
446,OAK,Road,9,25,50,0.667,2025,75
219,OAK,Total,1,48,100,0.676,2025,148
220,OAK,Total,2,38,110,0.743,2025,148
221,OAK,Total,3,46,102,0.689,2025,148
222,OAK,Total,4,42,106,0.716,2025,148
223,OAK,Total,5,41,107,0.723,2025,148
224,OAK,Total,6,40,108,0.73,2025,148
225,OAK,Total,7,35,113,0.764,2025,148
226,OAK,Total,8,39,109,0.736,2025,148
227,OAK,Total,9,36,89,0.712,2025,125
449,PHI,Home,1,28,45,0.616,2025,73
450,PHI,Home,2,20,53,0.726,2025,73
451,PHI,Home,3,18,55,0.753,2025,73
452,PHI,Home,4,31,42,0.575,2025,73
453,PHI,Home,5,23,50,0.685,2025,73
454,PHI,Home,6,18,55,0.753,2025,73
455,PHI,Home,7,28,45,0.616,2025,73
456,PHI,Home,8,31,42,0.575,2025,73
457,PHI,Home,9,5,22,0.815,2025,27
460,PHI,Road,1,20,55,0.733,2025,75
461,PHI,Road,2,15,60,0.8,2025,75
462,PHI,Road,3,15,60,0.8,2025,75
463,PHI,Road,4,20,55,0.733,2025,75
464,PHI,Road,5,17,58,0.773,2025,75
465,PHI,Road,6,15,60,0.8,2025,75
466,PHI,Road,7,19,56,0.747,2025,75
467,PHI,Road,8,18,57,0.76,2025,75
468,PHI,Road,9,19,56,0.747,2025,75
230,PHI,Total,1,48,100,0.676,2025,148
231,PHI,Total,2,35,113,0.764,2025,148
232,PHI,Total,3,33,115,0.777,2025,148
233,PHI,Total,4,51,97,0.655,2025,148
234,PHI,Total,5,40,108,0.73,2025,148
235,PHI,Total,6,33,115,0.777,2025,148
236,PHI,Total,7,47,101,0.682,2025,148
237,PHI,Total,8,49,99,0.669,2025,148
238,PHI,Total,9,24,78,0.765,2025,102
471,PIT,Home,1,21,54,0.72,2025,75
472,PIT,Home,2,22,53,0.707,2025,75
473,PIT,Home,3,22,53,0.707,2025,75
474,PIT,Home,4,17,58,0.773,2025,75
475,PIT,Home,5,17,58,0.773,2025,75
476,PIT,Home,6,15,60,0.8,2025,75
477,PIT,Home,7,20,55,0.733,2025,75
478,PIT,Home,8,19,56,0.747,2025,75
479,PIT,Home,9,8,31,0.795,2025,39
484,PIT,Road,1,18,55,0.753,2025,73
485,PIT,Road,2,12,61,0.836,2025,73
486,PIT,Road,3,12,61,0.836,2025,73
487,PIT,Road,4,14,59,0.808,2025,73
488,PIT,Road,5,23,50,0.685,2025,73
489,PIT,Road,6,19,54,0.74,2025,73
490,PIT,Road,7,13,60,0.822,2025,73
491,PIT,Road,8,11,62,0.849,2025,73
492,PIT,Road,9,14,59,0.808,2025,73
241,PIT,Total,1,39,109,0.736,2025,148
242,PIT,Total,2,34,114,0.77,2025,148
243,PIT,Total,3,34,114,0.77,2025,148
244,PIT,Total,4,31,117,0.791,2025,148
245,PIT,Total,5,40,108,0.73,2025,148
246,PIT,Total,6,34,114,0.77,2025,148
247,PIT,Total,7,33,115,0.777,2025,148
248,PIT,Total,8,30,118,0.797,2025,148
249,PIT,Total,9,22,90,0.804,2025,112
496,SD,Home,1,17,56,0.767,2025,73
497,SD,Home,2,17,56,0.767,2025,73
498,SD,Home,3,24,49,0.671,2025,73
499,SD,Home,4,19,54,0.74,2025,73
500,SD,Home,5,22,51,0.699,2025,73
501,SD,Home,6,21,52,0.712,2025,73
502,SD,Home,7,29,44,0.603,2025,73
503,SD,Home,8,16,57,0.781,2025,73
504,SD,Home,9,5,30,0.857,2025,35
507,SD,Road,1,20,55,0.733,2025,75
508,SD,Road,2,23,52,0.693,2025,75
509,SD,Road,3,19,56,0.747,2025,75
510,SD,Road,4,18,57,0.76,2025,75
511,SD,Road,5,17,58,0.773,2025,75
512,SD,Road,6,12,63,0.84,2025,75
513,SD,Road,7,23,52,0.693,2025,75
514,SD,Road,8,16,59,0.787,2025,75
515,SD,Road,9,18,57,0.76,2025,75
254,SD,Total,1,37,111,0.75,2025,148
255,SD,Total,2,40,108,0.73,2025,148
256,SD,Total,3,43,105,0.709,2025,148
257,SD,Total,4,37,111,0.75,2025,148
258,SD,Total,5,39,109,0.736,2025,148
259,SD,Total,6,33,115,0.777,2025,148
260,SD,Total,7,52,96,0.649,2025,148
261,SD,Total,8,32,116,0.784,2025,148
262,SD,Total,9,23,87,0.791,2025,110
518,SEA,Home,1,14,59,0.808,2025,73
519,SEA,Home,2,26,47,0.644,2025,73
520,SEA,Home,3,16,57,0.781,2025,73
521,SEA,Home,4,22,51,0.699,2025,73
522,SEA,Home,5,14,59,0.808,2025,73
523,SEA,Home,6,19,54,0.74,2025,73
524,SEA,Home,7,21,52,0.712,2025,73
525,SEA,Home,8,13,60,0.822,2025,73
526,SEA,Home,9,4,33,0.892,2025,37
531,SEA,Road,1,27,48,0.64,2025,75
532,SEA,Road,2,17,58,0.773,2025,75
533,SEA,Road,3,19,56,0.747,2025,75
534,SEA,Road,4,21,54,0.72,2025,75
535,SEA,Road,5,19,56,0.747,2025,75
536,SEA,Road,6,25,50,0.667,2025,75
537,SEA,Road,7,24,51,0.68,2025,75
538,SEA,Road,8,16,59,0.787,2025,75
539,SEA,Road,9,26,49,0.653,2025,75
265,SEA,Total,1,41,107,0.723,2025,148
266,SEA,Total,2,43,105,0.709,2025,148
267,SEA,Total,3,35,113,0.764,2025,148
268,SEA,Total,4,43,105,0.709,2025,148
269,SEA,Total,5,33,115,0.777,2025,148
270,SEA,Total,6,44,104,0.703,2025,148
271,SEA,Total,7,45,103,0.696,2025,148
272,SEA,Total,8,29,119,0.804,2025,148
273,SEA,Total,9,30,82,0.732,2025,112
543,SF,Home,1,23,50,0.685,2025,73
544,SF,Home,2,15,58,0.795,2025,73
545,SF,Home,3,17,56,0.767,2025,73
546,SF,Home,4,21,52,0.712,2025,73
547,SF,Home,5,20,53,0.726,2025,73
548,SF,Home,6,19,54,0.74,2025,73
549,SF,Home,7,12,61,0.836,2025,73
550,SF,Home,8,18,55,0.753,2025,73
551,SF,Home,9,6,40,0.87,2025,46
554,SF,Road,1,24,50,0.676,2025,74
555,SF,Road,2,19,55,0.743,2025,74
556,SF,Road,3,17,57,0.77,2025,74
557,SF,Road,4,19,55,0.743,2025,74
558,SF,Road,5,23,51,0.689,2025,74
559,SF,Road,6,21,53,0.716,2025,74
560,SF,Road,7,17,56,0.767,2025,73
561,SF,Road,8,16,57,0.781,2025,73
562,SF,Road,9,16,57,0.781,2025,73
278,SF,Total,1,47,100,0.68,2025,147
279,SF,Total,2,34,113,0.769,2025,147
280,SF,Total,3,34,113,0.769,2025,147
281,SF,Total,4,40,107,0.728,2025,147
282,SF,Total,5,43,104,0.707,2025,147
283,SF,Total,6,40,107,0.728,2025,147
284,SF,Total,7,29,117,0.801,2025,146
285,SF,Total,8,34,112,0.767,2025,146
286,SF,Total,9,22,97,0.815,2025,119
565,STL,Home,1,15,60,0.8,2025,75
566,STL,Home,2,21,54,0.72,2025,75
567,STL,Home,3,20,55,0.733,2025,75
568,STL,Home,4,18,57,0.76,2025,75
569,STL,Home,5,18,57,0.76,2025,75
570,STL,Home,6,28,47,0.627,2025,75
571,STL,Home,7,19,56,0.747,2025,75
572,STL,Home,8,17,58,0.773,2025,75
573,STL,Home,9,5,35,0.875,2025,40
576,STL,Road,1,19,54,0.74,2025,73
577,STL,Road,2,16,57,0.781,2025,73
578,STL,Road,3,15,58,0.795,2025,73
579,STL,Road,4,23,50,0.685,2025,73
580,STL,Road,5,16,57,0.781,2025,73
581,STL,Road,6,20,53,0.726,2025,73
582,STL,Road,7,20,53,0.726,2025,73
583,STL,Road,8,22,51,0.699,2025,73
584,STL,Road,9,25,48,0.658,2025,73
289,STL,Total,1,34,114,0.77,2025,148
290,STL,Total,2,37,111,0.75,2025,148
291,STL,Total,3,35,113,0.764,2025,148
292,STL,Total,4,41,107,0.723,2025,148
293,STL,Total,5,34,114,0.77,2025,148
294,STL,Total,6,48,100,0.676,2025,148
295,STL,Total,7,39,109,0.736,2025,148
296,STL,Total,8,39,109,0.736,2025,148
297,STL,Total,9,30,83,0.735,2025,113
589,TB,Home,1,25,49,0.662,2025,74
590,TB,Home,2,16,58,0.784,2025,74
591,TB,Home,3,22,52,0.703,2025,74
592,TB,Home,4,28,46,0.622,2025,74
593,TB,Home,5,15,59,0.797,2025,74
594,TB,Home,6,21,53,0.716,2025,74
595,TB,Home,7,18,56,0.757,2025,74
596,TB,Home,8,21,53,0.716,2025,74
597,TB,Home,9,8,33,0.805,2025,41
599,TB,Road,1,18,55,0.753,2025,73
600,TB,Road,2,18,55,0.753,2025,73
601,TB,Road,3,24,49,0.671,2025,73
602,TB,Road,4,27,46,0.63,2025,73
603,TB,Road,5,19,54,0.74,2025,73
604,TB,Road,6,14,59,0.808,2025,73
605,TB,Road,7,17,56,0.767,2025,73
606,TB,Road,8,13,60,0.822,2025,73
607,TB,Road,9,15,58,0.795,2025,73
302,TB,Total,1,43,104,0.707,2025,147
303,TB,Total,2,34,113,0.769,2025,147
304,TB,Total,3,46,101,0.687,2025,147
305,TB,Total,4,55,92,0.626,2025,147
306,TB,Total,5,34,113,0.769,2025,147
307,TB,Total,6,35,112,0.762,2025,147
308,TB,Total,7,35,112,0.762,2025,147
309,TB,Total,8,34,113,0.769,2025,147
310,TB,Total,9,23,91,0.798,2025,114
610,TEX,Home,1,17,58,0.773,2025,75
611,TEX,Home,2,23,52,0.693,2025,75
612,TEX,Home,3,22,53,0.707,2025,75
613,TEX,Home,4,17,58,0.773,2025,75
614,TEX,Home,5,18,57,0.76,2025,75
615,TEX,Home,6,20,55,0.733,2025,75
616,TEX,Home,7,19,56,0.747,2025,75
617,TEX,Home,8,14,61,0.813,2025,75
618,TEX,Home,9,6,31,0.838,2025,37
622,TEX,Road,1,22,51,0.699,2025,73
623,TEX,Road,2,17,56,0.767,2025,73
624,TEX,Road,3,26,47,0.644,2025,73
625,TEX,Road,4,21,52,0.712,2025,73
626,TEX,Road,5,22,51,0.699,2025,73
627,TEX,Road,6,20,53,0.726,2025,73
628,TEX,Road,7,16,57,0.781,2025,73
629,TEX,Road,8,20,53,0.726,2025,73
630,TEX,Road,9,17,56,0.767,2025,73
313,TEX,Total,1,39,109,0.736,2025,148
314,TEX,Total,2,40,108,0.73,2025,148
315,TEX,Total,3,48,100,0.676,2025,148
316,TEX,Total,4,38,110,0.743,2025,148
317,TEX,Total,5,40,108,0.73,2025,148
318,TEX,Total,6,40,108,0.73,2025,148
319,TEX,Total,7,35,113,0.764,2025,148
320,TEX,Total,8,34,114,0.77,2025,148
321,TEX,Total,9,23,87,0.791,2025,110
633,TOR,Home,1,22,51,0.699,2025,73
634,TOR,Home,2,19,54,0.74,2025,73
635,TOR,Home,3,24,49,0.671,2025,73
636,TOR,Home,4,18,55,0.753,2025,73
637,TOR,Home,5,24,49,0.671,2025,73
638,TOR,Home,6,27,46,0.63,2025,73
639,TOR,Home,7,23,50,0.685,2025,73
640,TOR,Home,8,26,47,0.644,2025,73
641,TOR,Home,9,7,26,0.788,2025,33
645,TOR,Road,1,19,55,0.743,2025,74
646,TOR,Road,2,18,56,0.757,2025,74
647,TOR,Road,3,23,51,0.689,2025,74
648,TOR,Road,4,19,55,0.743,2025,74
649,TOR,Road,5,21,53,0.716,2025,74
650,TOR,Road,6,21,53,0.716,2025,74
651,TOR,Road,7,20,54,0.73,2025,74
652,TOR,Road,8,19,54,0.74,2025,73
653,TOR,Road,9,18,55,0.753,2025,73
325,TOR,Total,1,41,106,0.721,2025,147
326,TOR,Total,2,37,110,0.748,2025,147
327,TOR,Total,3,47,100,0.68,2025,147
328,TOR,Total,4,37,110,0.748,2025,147
329,TOR,Total,5,45,102,0.694,2025,147
330,TOR,Total,6,48,99,0.673,2025,147
331,TOR,Total,7,43,104,0.707,2025,147
332,TOR,Total,8,45,101,0.692,2025,146
333,TOR,Total,9,25,81,0.764,2025,106
657,WSH,Home,1,21,51,0.708,2025,72
658,WSH,Home,2,18,54,0.75,2025,72
659,WSH,Home,3,17,55,0.764,2025,72
660,WSH,Home,4,19,53,0.736,2025,72
661,WSH,Home,5,13,59,0.819,2025,72
662,WSH,Home,6,19,53,0.736,2025,72
663,WSH,Home,7,15,57,0.792,2025,72
664,WSH,Home,8,15,57,0.792,2025,72
665,WSH,Home,9,13,34,0.723,2025,47
668,WSH,Road,1,19,56,0.747,2025,75
669,WSH,Road,2,15,60,0.8,2025,75
670,WSH,Road,3,12,63,0.84,2025,75
671,WSH,Road,4,24,51,0.68,2025,75
672,WSH,Road,5,19,56,0.747,2025,75
673,WSH,Road,6,26,49,0.653,2025,75
674,WSH,Road,7,22,53,0.707,2025,75
675,WSH,Road,8,18,57,0.76,2025,75
676,WSH,Road,9,24,51,0.68,2025,75
337,WSH,Total,1,40,107,0.728,2025,147
338,WSH,Total,2,33,114,0.776,2025,147
339,WSH,Total,3,29,118,0.803,2025,147
340,WSH,Total,4,43,104,0.707,2025,147
341,WSH,Total,5,32,115,0.782,2025,147
342,WSH,Total,6,45,102,0.694,2025,147
343,WSH,Total,7,37,110,0.748,2025,147
344,WSH,Total,8,33,114,0.776,2025,147
345,WSH,Total,9,37,85,0.697,2025,122
