,BatterTeam,Split,inning,YRA,NRA,NRA%,Year,Apps
0,ARI,Home,1,37,41,0.526,2025,78
1,ARI,Home,2,24,54,0.692,2025,78
2,ARI,Home,3,26,52,0.667,2025,78
3,ARI,Home,4,26,52,0.667,2025,78
4,ARI,Home,5,30,48,0.615,2025,78
5,ARI,Home,6,20,58,0.744,2025,78
6,ARI,Home,7,19,59,0.756,2025,78
7,ARI,Home,8,24,54,0.692,2025,78
8,ARI,Home,9,12,31,0.721,2025,43
11,ARI,Road,1,20,58,0.744,2025,78
12,ARI,Road,2,26,52,0.667,2025,78
13,ARI,Road,3,24,54,0.692,2025,78
14,ARI,Road,4,25,53,0.679,2025,78
15,ARI,Road,5,23,55,0.705,2025,78
16,ARI,Road,6,18,60,0.769,2025,78
17,ARI,Road,7,22,56,0.718,2025,78
18,ARI,Road,8,20,58,0.744,2025,78
19,ARI,Road,9,22,56,0.718,2025,78
0,ARI,Total,1,57,99,0.635,2025,156
1,ARI,Total,2,50,106,0.679,2025,156
2,ARI,Total,3,50,106,0.679,2025,156
3,ARI,Total,4,51,105,0.673,2025,156
4,ARI,Total,5,53,103,0.66,2025,156
5,ARI,Total,6,38,118,0.756,2025,156
6,ARI,Total,7,41,115,0.737,2025,156
7,ARI,Total,8,44,112,0.718,2025,156
8,ARI,Total,9,34,87,0.719,2025,121
22,ATL,Home,1,23,52,0.693,2025,75
23,ATL,Home,2,11,64,0.853,2025,75
24,ATL,Home,3,19,56,0.747,2025,75
25,ATL,Home,4,21,54,0.72,2025,75
26,ATL,Home,5,20,55,0.733,2025,75
27,ATL,Home,6,25,50,0.667,2025,75
28,ATL,Home,7,18,57,0.76,2025,75
29,ATL,Home,8,18,57,0.76,2025,75
30,ATL,Home,9,10,34,0.773,2025,44
33,ATL,Road,1,21,60,0.741,2025,81
34,ATL,Road,2,20,61,0.753,2025,81
35,ATL,Road,3,17,64,0.79,2025,81
36,ATL,Road,4,27,54,0.667,2025,81
37,ATL,Road,5,18,63,0.778,2025,81
38,ATL,Road,6,22,59,0.728,2025,81
39,ATL,Road,7,19,62,0.765,2025,81
40,ATL,Road,8,24,57,0.704,2025,81
41,ATL,Road,9,25,56,0.691,2025,81
11,ATL,Total,1,44,112,0.718,2025,156
12,ATL,Total,2,31,125,0.801,2025,156
13,ATL,Total,3,36,120,0.769,2025,156
14,ATL,Total,4,48,108,0.692,2025,156
15,ATL,Total,5,38,118,0.756,2025,156
16,ATL,Total,6,47,109,0.699,2025,156
17,ATL,Total,7,37,119,0.763,2025,156
18,ATL,Total,8,42,114,0.731,2025,156
19,ATL,Total,9,35,90,0.72,2025,125
44,BAL,Home,1,20,58,0.744,2025,78
45,BAL,Home,2,23,55,0.705,2025,78
46,BAL,Home,3,23,55,0.705,2025,78
47,BAL,Home,4,12,66,0.846,2025,78
48,BAL,Home,5,20,58,0.744,2025,78
49,BAL,Home,6,23,55,0.705,2025,78
50,BAL,Home,7,27,51,0.654,2025,78
51,BAL,Home,8,21,57,0.731,2025,78
52,BAL,Home,9,6,40,0.87,2025,46
55,BAL,Road,1,21,57,0.731,2025,78
56,BAL,Road,2,12,66,0.846,2025,78
57,BAL,Road,3,25,53,0.679,2025,78
58,BAL,Road,4,20,58,0.744,2025,78
59,BAL,Road,5,21,57,0.731,2025,78
60,BAL,Road,6,16,62,0.795,2025,78
61,BAL,Road,7,22,56,0.718,2025,78
62,BAL,Road,8,16,62,0.795,2025,78
63,BAL,Road,9,13,65,0.833,2025,78
22,BAL,Total,1,41,115,0.737,2025,156
23,BAL,Total,2,35,121,0.776,2025,156
24,BAL,Total,3,48,108,0.692,2025,156
25,BAL,Total,4,32,124,0.795,2025,156
26,BAL,Total,5,41,115,0.737,2025,156
27,BAL,Total,6,39,117,0.75,2025,156
28,BAL,Total,7,49,107,0.686,2025,156
29,BAL,Total,8,37,119,0.763,2025,156
30,BAL,Total,9,19,105,0.847,2025,124
67,BOS,Home,1,27,51,0.654,2025,78
68,BOS,Home,2,19,59,0.756,2025,78
69,BOS,Home,3,24,54,0.692,2025,78
70,BOS,Home,4,19,59,0.756,2025,78
71,BOS,Home,5,26,52,0.667,2025,78
72,BOS,Home,6,26,52,0.667,2025,78
73,BOS,Home,7,25,53,0.679,2025,78
74,BOS,Home,8,22,56,0.718,2025,78
75,BOS,Home,9,7,36,0.837,2025,43
78,BOS,Road,1,22,56,0.718,2025,78
79,BOS,Road,2,23,55,0.705,2025,78
80,BOS,Road,3,25,53,0.679,2025,78
81,BOS,Road,4,21,57,0.731,2025,78
82,BOS,Road,5,22,56,0.718,2025,78
83,BOS,Road,6,21,57,0.731,2025,78
84,BOS,Road,7,19,59,0.756,2025,78
85,BOS,Road,8,17,61,0.782,2025,78
86,BOS,Road,9,26,52,0.667,2025,78
34,BOS,Total,1,49,107,0.686,2025,156
35,BOS,Total,2,42,114,0.731,2025,156
36,BOS,Total,3,49,107,0.686,2025,156
37,BOS,Total,4,40,116,0.744,2025,156
38,BOS,Total,5,48,108,0.692,2025,156
39,BOS,Total,6,47,109,0.699,2025,156
40,BOS,Total,7,44,112,0.718,2025,156
41,BOS,Total,8,39,117,0.75,2025,156
42,BOS,Total,9,33,88,0.727,2025,121
90,CHC,Home,1,21,54,0.72,2025,75
91,CHC,Home,2,32,43,0.573,2025,75
92,CHC,Home,3,21,54,0.72,2025,75
93,CHC,Home,4,20,55,0.733,2025,75
94,CHC,Home,5,25,50,0.667,2025,75
95,CHC,Home,6,18,57,0.76,2025,75
96,CHC,Home,7,18,57,0.76,2025,75
97,CHC,Home,8,22,53,0.707,2025,75
98,CHC,Home,9,4,32,0.889,2025,36
101,CHC,Road,1,25,56,0.691,2025,81
102,CHC,Road,2,20,61,0.753,2025,81
103,CHC,Road,3,22,59,0.728,2025,81
104,CHC,Road,4,28,53,0.654,2025,81
105,CHC,Road,5,23,58,0.716,2025,81
106,CHC,Road,6,25,56,0.691,2025,81
107,CHC,Road,7,26,55,0.679,2025,81
108,CHC,Road,8,26,55,0.679,2025,81
109,CHC,Road,9,16,65,0.802,2025,81
46,CHC,Total,1,46,110,0.705,2025,156
47,CHC,Total,2,52,104,0.667,2025,156
48,CHC,Total,3,43,113,0.724,2025,156
49,CHC,Total,4,48,108,0.692,2025,156
50,CHC,Total,5,48,108,0.692,2025,156
51,CHC,Total,6,43,113,0.724,2025,156
52,CHC,Total,7,44,112,0.718,2025,156
53,CHC,Total,8,48,108,0.692,2025,156
54,CHC,Total,9,20,97,0.829,2025,117
112,CIN,Home,1,30,48,0.615,2025,78
113,CIN,Home,2,20,58,0.744,2025,78
114,CIN,Home,3,23,55,0.705,2025,78
115,CIN,Home,4,23,55,0.705,2025,78
116,CIN,Home,5,18,60,0.769,2025,78
117,CIN,Home,6,24,54,0.692,2025,78
118,CIN,Home,7,25,52,0.675,2025,77
119,CIN,Home,8,15,62,0.805,2025,77
120,CIN,Home,9,9,31,0.775,2025,40
123,CIN,Road,1,17,61,0.782,2025,78
124,CIN,Road,2,15,63,0.808,2025,78
125,CIN,Road,3,22,56,0.718,2025,78
126,CIN,Road,4,23,55,0.705,2025,78
127,CIN,Road,5,23,55,0.705,2025,78
128,CIN,Road,6,22,56,0.718,2025,78
129,CIN,Road,7,14,64,0.821,2025,78
130,CIN,Road,8,27,51,0.654,2025,78
131,CIN,Road,9,22,56,0.718,2025,78
57,CIN,Total,1,47,109,0.699,2025,156
58,CIN,Total,2,35,121,0.776,2025,156
59,CIN,Total,3,45,111,0.712,2025,156
60,CIN,Total,4,46,110,0.705,2025,156
61,CIN,Total,5,41,115,0.737,2025,156
62,CIN,Total,6,46,110,0.705,2025,156
63,CIN,Total,7,39,116,0.748,2025,155
64,CIN,Total,8,42,113,0.729,2025,155
65,CIN,Total,9,31,87,0.737,2025,118
134,CLE,Home,1,24,51,0.68,2025,75
135,CLE,Home,2,11,64,0.853,2025,75
136,CLE,Home,3,18,57,0.76,2025,75
137,CLE,Home,4,30,45,0.6,2025,75
138,CLE,Home,5,15,60,0.8,2025,75
139,CLE,Home,6,19,56,0.747,2025,75
140,CLE,Home,7,19,56,0.747,2025,75
141,CLE,Home,8,16,59,0.787,2025,75
142,CLE,Home,9,8,33,0.805,2025,41
144,CLE,Road,1,20,61,0.753,2025,81
145,CLE,Road,2,19,62,0.765,2025,81
146,CLE,Road,3,21,60,0.741,2025,81
147,CLE,Road,4,23,58,0.716,2025,81
148,CLE,Road,5,17,64,0.79,2025,81
149,CLE,Road,6,24,57,0.704,2025,81
150,CLE,Road,7,17,64,0.79,2025,81
151,CLE,Road,8,19,62,0.765,2025,81
152,CLE,Road,9,17,64,0.79,2025,81
68,CLE,Total,1,44,112,0.718,2025,156
69,CLE,Total,2,30,126,0.808,2025,156
70,CLE,Total,3,39,117,0.75,2025,156
71,CLE,Total,4,53,103,0.66,2025,156
72,CLE,Total,5,32,124,0.795,2025,156
73,CLE,Total,6,43,113,0.724,2025,156
74,CLE,Total,7,36,120,0.769,2025,156
75,CLE,Total,8,35,121,0.776,2025,156
76,CLE,Total,9,25,97,0.795,2025,122
155,COL,Home,1,23,58,0.716,2025,81
156,COL,Home,2,26,55,0.679,2025,81
157,COL,Home,3,29,52,0.642,2025,81
158,COL,Home,4,27,54,0.667,2025,81
159,COL,Home,5,24,57,0.704,2025,81
160,COL,Home,6,20,61,0.753,2025,81
161,COL,Home,7,19,62,0.765,2025,81
162,COL,Home,8,25,56,0.691,2025,81
163,COL,Home,9,19,41,0.683,2025,60
166,COL,Road,1,10,65,0.867,2025,75
167,COL,Road,2,10,65,0.867,2025,75
168,COL,Road,3,17,58,0.773,2025,75
169,COL,Road,4,14,61,0.813,2025,75
170,COL,Road,5,16,59,0.787,2025,75
171,COL,Road,6,18,57,0.76,2025,75
172,COL,Road,7,19,56,0.747,2025,75
173,COL,Road,8,15,60,0.8,2025,75
174,COL,Road,9,13,62,0.827,2025,75
79,COL,Total,1,33,123,0.788,2025,156
80,COL,Total,2,36,120,0.769,2025,156
81,COL,Total,3,46,110,0.705,2025,156
82,COL,Total,4,41,115,0.737,2025,156
83,COL,Total,5,40,116,0.744,2025,156
84,COL,Total,6,38,118,0.756,2025,156
85,COL,Total,7,38,118,0.756,2025,156
86,COL,Total,8,40,116,0.744,2025,156
87,COL,Total,9,32,103,0.763,2025,135
177,CWS,Home,1,26,55,0.679,2025,81
178,CWS,Home,2,22,59,0.728,2025,81
179,CWS,Home,3,14,67,0.827,2025,81
180,CWS,Home,4,21,60,0.741,2025,81
181,CWS,Home,5,17,64,0.79,2025,81
182,CWS,Home,6,21,60,0.741,2025,81
183,CWS,Home,7,18,61,0.772,2025,79
184,CWS,Home,8,23,56,0.709,2025,79
185,CWS,Home,9,6,44,0.88,2025,50
188,CWS,Road,1,23,52,0.693,2025,75
189,CWS,Road,2,17,58,0.773,2025,75
190,CWS,Road,3,16,59,0.787,2025,75
191,CWS,Road,4,21,54,0.72,2025,75
192,CWS,Road,5,19,56,0.747,2025,75
193,CWS,Road,6,20,55,0.733,2025,75
194,CWS,Road,7,19,56,0.747,2025,75
195,CWS,Road,8,16,58,0.784,2025,74
196,CWS,Road,9,16,58,0.784,2025,74
90,CWS,Total,1,49,107,0.686,2025,156
91,CWS,Total,2,39,117,0.75,2025,156
92,CWS,Total,3,30,126,0.808,2025,156
93,CWS,Total,4,42,114,0.731,2025,156
94,CWS,Total,5,36,120,0.769,2025,156
95,CWS,Total,6,41,115,0.737,2025,156
96,CWS,Total,7,37,117,0.76,2025,154
97,CWS,Total,8,39,114,0.745,2025,153
98,CWS,Total,9,22,102,0.823,2025,124
199,DET,Home,1,25,56,0.691,2025,81
200,DET,Home,2,24,57,0.704,2025,81
201,DET,Home,3,25,56,0.691,2025,81
202,DET,Home,4,31,50,0.617,2025,81
203,DET,Home,5,30,51,0.63,2025,81
204,DET,Home,6,21,60,0.741,2025,81
205,DET,Home,7,26,55,0.679,2025,81
206,DET,Home,8,16,65,0.802,2025,81
207,DET,Home,9,8,31,0.795,2025,39
210,DET,Road,1,16,59,0.787,2025,75
211,DET,Road,2,18,57,0.76,2025,75
212,DET,Road,3,23,52,0.693,2025,75
213,DET,Road,4,20,55,0.733,2025,75
214,DET,Road,5,14,61,0.813,2025,75
215,DET,Road,6,11,64,0.853,2025,75
216,DET,Road,7,22,53,0.707,2025,75
217,DET,Road,8,24,51,0.68,2025,75
218,DET,Road,9,17,58,0.773,2025,75
101,DET,Total,1,41,115,0.737,2025,156
102,DET,Total,2,42,114,0.731,2025,156
103,DET,Total,3,48,108,0.692,2025,156
104,DET,Total,4,51,105,0.673,2025,156
105,DET,Total,5,44,112,0.718,2025,156
106,DET,Total,6,32,124,0.795,2025,156
107,DET,Total,7,48,108,0.692,2025,156
108,DET,Total,8,40,116,0.744,2025,156
109,DET,Total,9,25,89,0.781,2025,114
221,HOU,Home,1,20,61,0.753,2025,81
222,HOU,Home,2,15,66,0.815,2025,81
223,HOU,Home,3,24,57,0.704,2025,81
224,HOU,Home,4,19,62,0.765,2025,81
225,HOU,Home,5,24,57,0.704,2025,81
226,HOU,Home,6,24,57,0.704,2025,81
227,HOU,Home,7,20,61,0.753,2025,81
228,HOU,Home,8,23,58,0.716,2025,81
229,HOU,Home,9,6,36,0.857,2025,42
233,HOU,Road,1,21,54,0.72,2025,75
234,HOU,Road,2,16,59,0.787,2025,75
235,HOU,Road,3,19,56,0.747,2025,75
236,HOU,Road,4,15,60,0.8,2025,75
237,HOU,Road,5,19,56,0.747,2025,75
238,HOU,Road,6,25,50,0.667,2025,75
239,HOU,Road,7,17,58,0.773,2025,75
240,HOU,Road,8,21,53,0.716,2025,74
241,HOU,Road,9,14,60,0.811,2025,74
112,HOU,Total,1,41,115,0.737,2025,156
113,HOU,Total,2,31,125,0.801,2025,156
114,HOU,Total,3,43,113,0.724,2025,156
115,HOU,Total,4,34,122,0.782,2025,156
116,HOU,Total,5,43,113,0.724,2025,156
117,HOU,Total,6,49,107,0.686,2025,156
118,HOU,Total,7,37,119,0.763,2025,156
119,HOU,Total,8,44,111,0.716,2025,155
120,HOU,Total,9,20,96,0.828,2025,116
245,KC,Home,1,26,55,0.679,2025,81
246,KC,Home,2,16,65,0.802,2025,81
247,KC,Home,3,19,62,0.765,2025,81
248,KC,Home,4,20,61,0.753,2025,81
249,KC,Home,5,18,63,0.778,2025,81
250,KC,Home,6,21,60,0.741,2025,81
251,KC,Home,7,19,62,0.765,2025,81
252,KC,Home,8,22,59,0.728,2025,81
253,KC,Home,9,10,35,0.778,2025,45
257,KC,Road,1,23,52,0.693,2025,75
258,KC,Road,2,14,61,0.813,2025,75
259,KC,Road,3,18,57,0.76,2025,75
260,KC,Road,4,20,55,0.733,2025,75
261,KC,Road,5,23,52,0.693,2025,75
262,KC,Road,6,13,62,0.827,2025,75
263,KC,Road,7,16,59,0.787,2025,75
264,KC,Road,8,21,54,0.72,2025,75
265,KC,Road,9,17,58,0.773,2025,75
124,KC,Total,1,49,107,0.686,2025,156
125,KC,Total,2,30,126,0.808,2025,156
126,KC,Total,3,37,119,0.763,2025,156
127,KC,Total,4,40,116,0.744,2025,156
128,KC,Total,5,41,115,0.737,2025,156
129,KC,Total,6,34,122,0.782,2025,156
130,KC,Total,7,35,121,0.776,2025,156
131,KC,Total,8,43,113,0.724,2025,156
132,KC,Total,9,27,93,0.775,2025,120
268,LAA,Home,1,25,50,0.667,2025,75
269,LAA,Home,2,15,60,0.8,2025,75
270,LAA,Home,3,16,59,0.787,2025,75
271,LAA,Home,4,22,53,0.707,2025,75
272,LAA,Home,5,21,54,0.72,2025,75
273,LAA,Home,6,19,56,0.747,2025,75
274,LAA,Home,7,19,56,0.747,2025,75
275,LAA,Home,8,19,56,0.747,2025,75
276,LAA,Home,9,9,38,0.809,2025,47
279,LAA,Road,1,28,53,0.654,2025,81
280,LAA,Road,2,21,60,0.741,2025,81
281,LAA,Road,3,18,63,0.778,2025,81
282,LAA,Road,4,19,62,0.765,2025,81
283,LAA,Road,5,27,54,0.667,2025,81
284,LAA,Road,6,18,63,0.778,2025,81
285,LAA,Road,7,21,60,0.741,2025,81
286,LAA,Road,8,18,63,0.778,2025,81
287,LAA,Road,9,18,63,0.778,2025,81
136,LAA,Total,1,53,103,0.66,2025,156
137,LAA,Total,2,36,120,0.769,2025,156
138,LAA,Total,3,34,122,0.782,2025,156
139,LAA,Total,4,41,115,0.737,2025,156
140,LAA,Total,5,48,108,0.692,2025,156
141,LAA,Total,6,37,119,0.763,2025,156
142,LAA,Total,7,40,116,0.744,2025,156
143,LAA,Total,8,37,119,0.763,2025,156
144,LAA,Total,9,27,101,0.789,2025,128
291,LAD,Home,1,29,52,0.642,2025,81
292,LAD,Home,2,28,53,0.654,2025,81
293,LAD,Home,3,22,59,0.728,2025,81
294,LAD,Home,4,24,57,0.704,2025,81
295,LAD,Home,5,24,57,0.704,2025,81
296,LAD,Home,6,31,50,0.617,2025,81
297,LAD,Home,7,24,57,0.704,2025,81
298,LAD,Home,8,25,56,0.691,2025,81
299,LAD,Home,9,10,28,0.737,2025,38
301,LAD,Road,1,23,52,0.693,2025,75
302,LAD,Road,2,20,55,0.733,2025,75
303,LAD,Road,3,20,55,0.733,2025,75
304,LAD,Road,4,18,57,0.76,2025,75
305,LAD,Road,5,21,54,0.72,2025,75
306,LAD,Road,6,25,50,0.667,2025,75
307,LAD,Road,7,24,51,0.68,2025,75
308,LAD,Road,8,15,60,0.8,2025,75
309,LAD,Road,9,24,51,0.68,2025,75
148,LAD,Total,1,52,104,0.667,2025,156
149,LAD,Total,2,48,108,0.692,2025,156
150,LAD,Total,3,42,114,0.731,2025,156
151,LAD,Total,4,42,114,0.731,2025,156
152,LAD,Total,5,45,111,0.712,2025,156
153,LAD,Total,6,56,100,0.641,2025,156
154,LAD,Total,7,48,108,0.692,2025,156
155,LAD,Total,8,40,116,0.744,2025,156
156,LAD,Total,9,34,79,0.699,2025,113
314,MIA,Home,1,23,55,0.705,2025,78
315,MIA,Home,2,23,55,0.705,2025,78
316,MIA,Home,3,15,63,0.808,2025,78
317,MIA,Home,4,15,63,0.808,2025,78
318,MIA,Home,5,22,56,0.718,2025,78
319,MIA,Home,6,22,56,0.718,2025,78
320,MIA,Home,7,21,57,0.731,2025,78
321,MIA,Home,8,18,60,0.769,2025,78
322,MIA,Home,9,11,40,0.784,2025,51
326,MIA,Road,1,19,59,0.756,2025,78
327,MIA,Road,2,15,63,0.808,2025,78
328,MIA,Road,3,23,55,0.705,2025,78
329,MIA,Road,4,21,57,0.731,2025,78
330,MIA,Road,5,25,53,0.679,2025,78
331,MIA,Road,6,18,60,0.769,2025,78
332,MIA,Road,7,26,52,0.667,2025,78
333,MIA,Road,8,24,54,0.692,2025,78
334,MIA,Road,9,16,62,0.795,2025,78
161,MIA,Total,1,42,114,0.731,2025,156
162,MIA,Total,2,38,118,0.756,2025,156
163,MIA,Total,3,38,118,0.756,2025,156
164,MIA,Total,4,36,120,0.769,2025,156
165,MIA,Total,5,47,109,0.699,2025,156
166,MIA,Total,6,40,116,0.744,2025,156
167,MIA,Total,7,47,109,0.699,2025,156
168,MIA,Total,8,42,114,0.731,2025,156
169,MIA,Total,9,27,102,0.791,2025,129
338,MIL,Home,1,14,64,0.821,2025,78
339,MIL,Home,2,20,58,0.744,2025,78
340,MIL,Home,3,28,50,0.641,2025,78
341,MIL,Home,4,33,45,0.577,2025,78
342,MIL,Home,5,24,54,0.692,2025,78
343,MIL,Home,6,19,59,0.756,2025,78
344,MIL,Home,7,18,60,0.769,2025,78
345,MIL,Home,8,22,56,0.718,2025,78
346,MIL,Home,9,8,30,0.789,2025,38
349,MIL,Road,1,23,55,0.705,2025,78
350,MIL,Road,2,24,54,0.692,2025,78
351,MIL,Road,3,20,58,0.744,2025,78
352,MIL,Road,4,24,54,0.692,2025,78
353,MIL,Road,5,20,58,0.744,2025,78
354,MIL,Road,6,28,50,0.641,2025,78
355,MIL,Road,7,17,61,0.782,2025,78
356,MIL,Road,8,23,55,0.705,2025,78
357,MIL,Road,9,21,57,0.731,2025,78
173,MIL,Total,1,37,119,0.763,2025,156
174,MIL,Total,2,44,112,0.718,2025,156
175,MIL,Total,3,48,108,0.692,2025,156
176,MIL,Total,4,57,99,0.635,2025,156
177,MIL,Total,5,44,112,0.718,2025,156
178,MIL,Total,6,47,109,0.699,2025,156
179,MIL,Total,7,35,121,0.776,2025,156
180,MIL,Total,8,45,111,0.712,2025,156
181,MIL,Total,9,29,87,0.75,2025,116
360,MIN,Home,1,20,61,0.753,2025,81
361,MIN,Home,2,21,60,0.741,2025,81
362,MIN,Home,3,23,58,0.716,2025,81
363,MIN,Home,4,23,58,0.716,2025,81
364,MIN,Home,5,27,54,0.667,2025,81
365,MIN,Home,6,31,50,0.617,2025,81
366,MIN,Home,7,18,63,0.778,2025,81
367,MIN,Home,8,11,69,0.862,2025,80
368,MIN,Home,9,8,44,0.846,2025,52
371,MIN,Road,1,21,54,0.72,2025,75
372,MIN,Road,2,17,58,0.773,2025,75
373,MIN,Road,3,14,61,0.813,2025,75
374,MIN,Road,4,27,48,0.64,2025,75
375,MIN,Road,5,18,57,0.76,2025,75
376,MIN,Road,6,26,49,0.653,2025,75
377,MIN,Road,7,20,54,0.73,2025,74
378,MIN,Road,8,16,58,0.784,2025,74
379,MIN,Road,9,22,52,0.703,2025,74
184,MIN,Total,1,41,115,0.737,2025,156
185,MIN,Total,2,38,118,0.756,2025,156
186,MIN,Total,3,37,119,0.763,2025,156
187,MIN,Total,4,50,106,0.679,2025,156
188,MIN,Total,5,45,111,0.712,2025,156
189,MIN,Total,6,57,99,0.635,2025,156
190,MIN,Total,7,38,117,0.755,2025,155
191,MIN,Total,8,27,127,0.825,2025,154
192,MIN,Total,9,30,96,0.762,2025,126
382,NYM,Home,1,30,51,0.63,2025,81
383,NYM,Home,2,22,59,0.728,2025,81
384,NYM,Home,3,30,51,0.63,2025,81
385,NYM,Home,4,24,57,0.704,2025,81
386,NYM,Home,5,23,58,0.716,2025,81
387,NYM,Home,6,19,62,0.765,2025,81
388,NYM,Home,7,23,58,0.716,2025,81
389,NYM,Home,8,28,53,0.654,2025,81
390,NYM,Home,9,8,32,0.8,2025,40
395,NYM,Road,1,18,57,0.76,2025,75
396,NYM,Road,2,19,56,0.747,2025,75
397,NYM,Road,3,25,50,0.667,2025,75
398,NYM,Road,4,17,58,0.773,2025,75
399,NYM,Road,5,20,55,0.733,2025,75
400,NYM,Road,6,18,57,0.76,2025,75
401,NYM,Road,7,19,56,0.747,2025,75
402,NYM,Road,8,19,56,0.747,2025,75
403,NYM,Road,9,24,51,0.68,2025,75
195,NYM,Total,1,48,108,0.692,2025,156
196,NYM,Total,2,41,115,0.737,2025,156
197,NYM,Total,3,55,101,0.647,2025,156
198,NYM,Total,4,41,115,0.737,2025,156
199,NYM,Total,5,43,113,0.724,2025,156
200,NYM,Total,6,37,119,0.763,2025,156
201,NYM,Total,7,42,114,0.731,2025,156
202,NYM,Total,8,47,109,0.699,2025,156
203,NYM,Total,9,32,83,0.722,2025,115
406,NYY,Home,1,26,49,0.653,2025,75
407,NYY,Home,2,25,50,0.667,2025,75
408,NYY,Home,3,25,50,0.667,2025,75
409,NYY,Home,4,21,54,0.72,2025,75
410,NYY,Home,5,19,56,0.747,2025,75
411,NYY,Home,6,20,54,0.73,2025,74
412,NYY,Home,7,19,55,0.743,2025,74
413,NYY,Home,8,21,53,0.716,2025,74
414,NYY,Home,9,6,28,0.824,2025,34
417,NYY,Road,1,35,46,0.568,2025,81
418,NYY,Road,2,20,61,0.753,2025,81
419,NYY,Road,3,21,60,0.741,2025,81
420,NYY,Road,4,26,55,0.679,2025,81
421,NYY,Road,5,28,53,0.654,2025,81
422,NYY,Road,6,21,60,0.741,2025,81
423,NYY,Road,7,32,49,0.605,2025,81
424,NYY,Road,8,22,59,0.728,2025,81
425,NYY,Road,9,23,58,0.716,2025,81
208,NYY,Total,1,61,95,0.609,2025,156
209,NYY,Total,2,45,111,0.712,2025,156
210,NYY,Total,3,46,110,0.705,2025,156
211,NYY,Total,4,47,109,0.699,2025,156
212,NYY,Total,5,47,109,0.699,2025,156
213,NYY,Total,6,41,114,0.735,2025,155
214,NYY,Total,7,51,104,0.671,2025,155
215,NYY,Total,8,43,112,0.723,2025,155
216,NYY,Total,9,29,86,0.748,2025,115
428,OAK,Home,1,26,49,0.653,2025,75
429,OAK,Home,2,21,54,0.72,2025,75
430,OAK,Home,3,29,46,0.613,2025,75
431,OAK,Home,4,16,59,0.787,2025,75
432,OAK,Home,5,23,52,0.693,2025,75
433,OAK,Home,6,14,61,0.813,2025,75
434,OAK,Home,7,22,53,0.707,2025,75
435,OAK,Home,8,19,56,0.747,2025,75
436,OAK,Home,9,11,39,0.78,2025,50
439,OAK,Road,1,23,58,0.716,2025,81
440,OAK,Road,2,19,62,0.765,2025,81
441,OAK,Road,3,19,62,0.765,2025,81
442,OAK,Road,4,28,53,0.654,2025,81
443,OAK,Road,5,21,60,0.741,2025,81
444,OAK,Road,6,28,53,0.654,2025,81
445,OAK,Road,7,16,65,0.802,2025,81
446,OAK,Road,8,21,60,0.741,2025,81
447,OAK,Road,9,25,56,0.691,2025,81
219,OAK,Total,1,49,107,0.686,2025,156
220,OAK,Total,2,40,116,0.744,2025,156
221,OAK,Total,3,48,108,0.692,2025,156
222,OAK,Total,4,44,112,0.718,2025,156
223,OAK,Total,5,44,112,0.718,2025,156
224,OAK,Total,6,42,114,0.731,2025,156
225,OAK,Total,7,38,118,0.756,2025,156
226,OAK,Total,8,40,116,0.744,2025,156
227,OAK,Total,9,36,95,0.725,2025,131
450,PHI,Home,1,30,45,0.6,2025,75
451,PHI,Home,2,20,55,0.733,2025,75
452,PHI,Home,3,19,56,0.747,2025,75
453,PHI,Home,4,31,44,0.587,2025,75
454,PHI,Home,5,24,51,0.68,2025,75
455,PHI,Home,6,19,56,0.747,2025,75
456,PHI,Home,7,29,46,0.613,2025,75
457,PHI,Home,8,32,43,0.573,2025,75
458,PHI,Home,9,5,23,0.821,2025,28
461,PHI,Road,1,22,59,0.728,2025,81
462,PHI,Road,2,16,65,0.802,2025,81
463,PHI,Road,3,15,66,0.815,2025,81
464,PHI,Road,4,21,60,0.741,2025,81
465,PHI,Road,5,18,63,0.778,2025,81
466,PHI,Road,6,17,64,0.79,2025,81
467,PHI,Road,7,20,61,0.753,2025,81
468,PHI,Road,8,21,60,0.741,2025,81
469,PHI,Road,9,21,60,0.741,2025,81
230,PHI,Total,1,52,104,0.667,2025,156
231,PHI,Total,2,36,120,0.769,2025,156
232,PHI,Total,3,34,122,0.782,2025,156
233,PHI,Total,4,52,104,0.667,2025,156
234,PHI,Total,5,42,114,0.731,2025,156
235,PHI,Total,6,36,120,0.769,2025,156
236,PHI,Total,7,49,107,0.686,2025,156
237,PHI,Total,8,53,103,0.66,2025,156
238,PHI,Total,9,26,83,0.761,2025,109
472,PIT,Home,1,25,56,0.691,2025,81
473,PIT,Home,2,25,56,0.691,2025,81
474,PIT,Home,3,23,58,0.716,2025,81
475,PIT,Home,4,18,63,0.778,2025,81
476,PIT,Home,5,18,63,0.778,2025,81
477,PIT,Home,6,15,66,0.815,2025,81
478,PIT,Home,7,20,61,0.753,2025,81
479,PIT,Home,8,20,61,0.753,2025,81
480,PIT,Home,9,8,35,0.814,2025,43
485,PIT,Road,1,19,56,0.747,2025,75
486,PIT,Road,2,12,63,0.84,2025,75
487,PIT,Road,3,12,63,0.84,2025,75
488,PIT,Road,4,14,61,0.813,2025,75
489,PIT,Road,5,23,52,0.693,2025,75
490,PIT,Road,6,19,56,0.747,2025,75
491,PIT,Road,7,13,62,0.827,2025,75
492,PIT,Road,8,12,63,0.84,2025,75
493,PIT,Road,9,15,60,0.8,2025,75
241,PIT,Total,1,44,112,0.718,2025,156
242,PIT,Total,2,37,119,0.763,2025,156
243,PIT,Total,3,35,121,0.776,2025,156
244,PIT,Total,4,32,124,0.795,2025,156
245,PIT,Total,5,41,115,0.737,2025,156
246,PIT,Total,6,34,122,0.782,2025,156
247,PIT,Total,7,33,123,0.788,2025,156
248,PIT,Total,8,32,124,0.795,2025,156
249,PIT,Total,9,23,95,0.805,2025,118
497,SD,Home,1,19,56,0.747,2025,75
498,SD,Home,2,19,56,0.747,2025,75
499,SD,Home,3,26,49,0.653,2025,75
500,SD,Home,4,20,55,0.733,2025,75
501,SD,Home,5,22,53,0.707,2025,75
502,SD,Home,6,21,54,0.72,2025,75
503,SD,Home,7,29,46,0.613,2025,75
504,SD,Home,8,18,57,0.76,2025,75
505,SD,Home,9,5,30,0.857,2025,35
508,SD,Road,1,21,60,0.741,2025,81
509,SD,Road,2,27,54,0.667,2025,81
510,SD,Road,3,23,58,0.716,2025,81
511,SD,Road,4,19,62,0.765,2025,81
512,SD,Road,5,18,63,0.778,2025,81
513,SD,Road,6,14,67,0.827,2025,81
514,SD,Road,7,23,58,0.716,2025,81
515,SD,Road,8,18,63,0.778,2025,81
516,SD,Road,9,20,61,0.753,2025,81
254,SD,Total,1,40,116,0.744,2025,156
255,SD,Total,2,46,110,0.705,2025,156
256,SD,Total,3,49,107,0.686,2025,156
257,SD,Total,4,39,117,0.75,2025,156
258,SD,Total,5,40,116,0.744,2025,156
259,SD,Total,6,35,121,0.776,2025,156
260,SD,Total,7,52,104,0.667,2025,156
261,SD,Total,8,36,120,0.769,2025,156
262,SD,Total,9,25,91,0.784,2025,116
519,SEA,Home,1,16,59,0.787,2025,75
520,SEA,Home,2,26,49,0.653,2025,75
521,SEA,Home,3,17,58,0.773,2025,75
522,SEA,Home,4,24,51,0.68,2025,75
523,SEA,Home,5,15,60,0.8,2025,75
524,SEA,Home,6,19,56,0.747,2025,75
525,SEA,Home,7,21,54,0.72,2025,75
526,SEA,Home,8,13,62,0.827,2025,75
527,SEA,Home,9,4,33,0.892,2025,37
532,SEA,Road,1,30,51,0.63,2025,81
533,SEA,Road,2,22,59,0.728,2025,81
534,SEA,Road,3,21,60,0.741,2025,81
535,SEA,Road,4,23,58,0.716,2025,81
536,SEA,Road,5,21,60,0.741,2025,81
537,SEA,Road,6,25,56,0.691,2025,81
538,SEA,Road,7,27,54,0.667,2025,81
539,SEA,Road,8,19,62,0.765,2025,81
540,SEA,Road,9,28,53,0.654,2025,81
265,SEA,Total,1,46,110,0.705,2025,156
266,SEA,Total,2,48,108,0.692,2025,156
267,SEA,Total,3,38,118,0.756,2025,156
268,SEA,Total,4,47,109,0.699,2025,156
269,SEA,Total,5,36,120,0.769,2025,156
270,SEA,Total,6,44,112,0.718,2025,156
271,SEA,Total,7,48,108,0.692,2025,156
272,SEA,Total,8,32,124,0.795,2025,156
273,SEA,Total,9,32,86,0.729,2025,118
544,SF,Home,1,24,51,0.68,2025,75
545,SF,Home,2,16,59,0.787,2025,75
546,SF,Home,3,17,58,0.773,2025,75
547,SF,Home,4,21,54,0.72,2025,75
548,SF,Home,5,21,54,0.72,2025,75
549,SF,Home,6,19,56,0.747,2025,75
550,SF,Home,7,12,63,0.84,2025,75
551,SF,Home,8,19,56,0.747,2025,75
552,SF,Home,9,6,42,0.875,2025,48
555,SF,Road,1,27,54,0.667,2025,81
556,SF,Road,2,19,62,0.765,2025,81
557,SF,Road,3,20,61,0.753,2025,81
558,SF,Road,4,19,62,0.765,2025,81
559,SF,Road,5,23,58,0.716,2025,81
560,SF,Road,6,21,60,0.741,2025,81
561,SF,Road,7,20,60,0.75,2025,80
562,SF,Road,8,17,63,0.788,2025,80
563,SF,Road,9,16,64,0.8,2025,80
278,SF,Total,1,51,105,0.673,2025,156
279,SF,Total,2,35,121,0.776,2025,156
280,SF,Total,3,37,119,0.763,2025,156
281,SF,Total,4,40,116,0.744,2025,156
282,SF,Total,5,44,112,0.718,2025,156
283,SF,Total,6,40,116,0.744,2025,156
284,SF,Total,7,32,123,0.794,2025,155
285,SF,Total,8,36,119,0.768,2025,155
286,SF,Total,9,22,106,0.828,2025,128
566,STL,Home,1,17,64,0.79,2025,81
567,STL,Home,2,23,58,0.716,2025,81
568,STL,Home,3,22,59,0.728,2025,81
569,STL,Home,4,20,61,0.753,2025,81
570,STL,Home,5,20,61,0.753,2025,81
571,STL,Home,6,30,51,0.63,2025,81
572,STL,Home,7,20,61,0.753,2025,81
573,STL,Home,8,18,63,0.778,2025,81
574,STL,Home,9,5,38,0.884,2025,43
577,STL,Road,1,20,55,0.733,2025,75
578,STL,Road,2,17,58,0.773,2025,75
579,STL,Road,3,16,59,0.787,2025,75
580,STL,Road,4,23,52,0.693,2025,75
581,STL,Road,5,17,58,0.773,2025,75
582,STL,Road,6,21,54,0.72,2025,75
583,STL,Road,7,20,55,0.733,2025,75
584,STL,Road,8,22,53,0.707,2025,75
585,STL,Road,9,26,49,0.653,2025,75
289,STL,Total,1,37,119,0.763,2025,156
290,STL,Total,2,40,116,0.744,2025,156
291,STL,Total,3,38,118,0.756,2025,156
292,STL,Total,4,43,113,0.724,2025,156
293,STL,Total,5,37,119,0.763,2025,156
294,STL,Total,6,51,105,0.673,2025,156
295,STL,Total,7,40,116,0.744,2025,156
296,STL,Total,8,40,116,0.744,2025,156
297,STL,Total,9,31,87,0.737,2025,118
590,TB,Home,1,29,52,0.642,2025,81
591,TB,Home,2,18,63,0.778,2025,81
592,TB,Home,3,24,57,0.704,2025,81
593,TB,Home,4,29,52,0.642,2025,81
594,TB,Home,5,15,66,0.815,2025,81
595,TB,Home,6,23,58,0.716,2025,81
596,TB,Home,7,20,61,0.753,2025,81
597,TB,Home,8,23,58,0.716,2025,81
598,TB,Home,9,10,35,0.778,2025,45
601,TB,Road,1,19,56,0.747,2025,75
602,TB,Road,2,18,57,0.76,2025,75
603,TB,Road,3,25,50,0.667,2025,75
604,TB,Road,4,27,48,0.64,2025,75
605,TB,Road,5,20,55,0.733,2025,75
606,TB,Road,6,15,60,0.8,2025,75
607,TB,Road,7,17,58,0.773,2025,75
608,TB,Road,8,14,61,0.813,2025,75
609,TB,Road,9,16,59,0.787,2025,75
302,TB,Total,1,48,108,0.692,2025,156
303,TB,Total,2,36,120,0.769,2025,156
304,TB,Total,3,49,107,0.686,2025,156
305,TB,Total,4,56,100,0.641,2025,156
306,TB,Total,5,35,121,0.776,2025,156
307,TB,Total,6,38,118,0.756,2025,156
308,TB,Total,7,37,119,0.763,2025,156
309,TB,Total,8,37,119,0.763,2025,156
310,TB,Total,9,26,94,0.783,2025,120
612,TEX,Home,1,17,61,0.782,2025,78
613,TEX,Home,2,24,54,0.692,2025,78
614,TEX,Home,3,23,55,0.705,2025,78
615,TEX,Home,4,17,61,0.782,2025,78
616,TEX,Home,5,18,60,0.769,2025,78
617,TEX,Home,6,21,57,0.731,2025,78
618,TEX,Home,7,19,59,0.756,2025,78
619,TEX,Home,8,14,64,0.821,2025,78
620,TEX,Home,9,7,33,0.825,2025,40
624,TEX,Road,1,22,56,0.718,2025,78
625,TEX,Road,2,18,60,0.769,2025,78
626,TEX,Road,3,26,52,0.667,2025,78
627,TEX,Road,4,21,57,0.731,2025,78
628,TEX,Road,5,24,54,0.692,2025,78
629,TEX,Road,6,20,58,0.744,2025,78
630,TEX,Road,7,17,61,0.782,2025,78
631,TEX,Road,8,22,56,0.718,2025,78
632,TEX,Road,9,18,60,0.769,2025,78
313,TEX,Total,1,39,117,0.75,2025,156
314,TEX,Total,2,42,114,0.731,2025,156
315,TEX,Total,3,49,107,0.686,2025,156
316,TEX,Total,4,38,118,0.756,2025,156
317,TEX,Total,5,42,114,0.731,2025,156
318,TEX,Total,6,41,115,0.737,2025,156
319,TEX,Total,7,36,120,0.769,2025,156
320,TEX,Total,8,36,120,0.769,2025,156
321,TEX,Total,9,25,93,0.788,2025,118
635,TOR,Home,1,22,53,0.707,2025,75
636,TOR,Home,2,19,56,0.747,2025,75
637,TOR,Home,3,25,50,0.667,2025,75
638,TOR,Home,4,19,56,0.747,2025,75
639,TOR,Home,5,26,49,0.653,2025,75
640,TOR,Home,6,28,47,0.627,2025,75
641,TOR,Home,7,24,51,0.68,2025,75
642,TOR,Home,8,27,48,0.64,2025,75
643,TOR,Home,9,8,26,0.765,2025,34
647,TOR,Road,1,21,60,0.741,2025,81
648,TOR,Road,2,20,61,0.753,2025,81
649,TOR,Road,3,23,58,0.716,2025,81
650,TOR,Road,4,21,60,0.741,2025,81
651,TOR,Road,5,23,58,0.716,2025,81
652,TOR,Road,6,21,60,0.741,2025,81
653,TOR,Road,7,21,60,0.741,2025,81
654,TOR,Road,8,21,59,0.738,2025,80
655,TOR,Road,9,18,62,0.775,2025,80
325,TOR,Total,1,43,113,0.724,2025,156
326,TOR,Total,2,39,117,0.75,2025,156
327,TOR,Total,3,48,108,0.692,2025,156
328,TOR,Total,4,40,116,0.744,2025,156
329,TOR,Total,5,49,107,0.686,2025,156
330,TOR,Total,6,49,107,0.686,2025,156
331,TOR,Total,7,45,111,0.712,2025,156
332,TOR,Total,8,48,107,0.69,2025,155
333,TOR,Total,9,26,88,0.772,2025,114
659,WSH,Home,1,21,57,0.731,2025,78
660,WSH,Home,2,21,57,0.731,2025,78
661,WSH,Home,3,17,61,0.782,2025,78
662,WSH,Home,4,19,59,0.756,2025,78
663,WSH,Home,5,14,64,0.821,2025,78
664,WSH,Home,6,20,58,0.744,2025,78
665,WSH,Home,7,15,63,0.808,2025,78
666,WSH,Home,8,18,60,0.769,2025,78
667,WSH,Home,9,14,38,0.731,2025,52
670,WSH,Road,1,20,58,0.744,2025,78
671,WSH,Road,2,17,61,0.782,2025,78
672,WSH,Road,3,13,65,0.833,2025,78
673,WSH,Road,4,24,54,0.692,2025,78
674,WSH,Road,5,20,58,0.744,2025,78
675,WSH,Road,6,26,52,0.667,2025,78
676,WSH,Road,7,22,56,0.718,2025,78
677,WSH,Road,8,18,60,0.769,2025,78
678,WSH,Road,9,24,54,0.692,2025,78
337,WSH,Total,1,41,115,0.737,2025,156
338,WSH,Total,2,38,118,0.756,2025,156
339,WSH,Total,3,30,126,0.808,2025,156
340,WSH,Total,4,43,113,0.724,2025,156
341,WSH,Total,5,34,122,0.782,2025,156
342,WSH,Total,6,46,110,0.705,2025,156
343,WSH,Total,7,37,119,0.763,2025,156
344,WSH,Total,8,36,120,0.769,2025,156
345,WSH,Total,9,38,92,0.708,2025,130
