,BatterTeam,Split,inning,YRA,NRA,NRA%,Year,Apps
0,ARI,Home,1,30,36,0.545,2025,66
1,ARI,Home,2,17,49,0.742,2025,66
2,ARI,Home,3,24,42,0.636,2025,66
3,ARI,Home,4,24,42,0.636,2025,66
4,ARI,Home,5,28,38,0.576,2025,66
5,ARI,Home,6,14,52,0.788,2025,66
6,ARI,Home,7,15,51,0.773,2025,66
7,ARI,Home,8,21,45,0.682,2025,66
8,ARI,Home,9,12,26,0.684,2025,38
11,ARI,Road,1,18,53,0.746,2025,71
12,ARI,Road,2,23,48,0.676,2025,71
13,ARI,Road,3,23,48,0.676,2025,71
14,ARI,Road,4,22,49,0.69,2025,71
15,ARI,Road,5,21,50,0.704,2025,71
16,ARI,Road,6,16,55,0.775,2025,71
17,ARI,Road,7,20,51,0.718,2025,71
18,ARI,Road,8,17,54,0.761,2025,71
19,ARI,Road,9,21,50,0.704,2025,71
0,ARI,Total,1,48,89,0.65,2025,137
1,ARI,Total,2,40,97,0.708,2025,137
2,ARI,Total,3,47,90,0.657,2025,137
3,ARI,Total,4,46,91,0.664,2025,137
4,ARI,Total,5,49,88,0.642,2025,137
5,ARI,Total,6,30,107,0.781,2025,137
6,ARI,Total,7,35,102,0.745,2025,137
7,ARI,Total,8,38,99,0.723,2025,137
8,ARI,Total,9,33,76,0.697,2025,109
22,ATL,Home,1,20,46,0.697,2025,66
23,ATL,Home,2,10,56,0.848,2025,66
24,ATL,Home,3,17,49,0.742,2025,66
25,ATL,Home,4,18,48,0.727,2025,66
26,ATL,Home,5,18,48,0.727,2025,66
27,ATL,Home,6,22,44,0.667,2025,66
28,ATL,Home,7,16,50,0.758,2025,66
29,ATL,Home,8,15,51,0.773,2025,66
30,ATL,Home,9,9,29,0.763,2025,38
33,ATL,Road,1,19,51,0.729,2025,70
34,ATL,Road,2,19,51,0.729,2025,70
35,ATL,Road,3,15,55,0.786,2025,70
36,ATL,Road,4,23,47,0.671,2025,70
37,ATL,Road,5,14,56,0.8,2025,70
38,ATL,Road,6,20,50,0.714,2025,70
39,ATL,Road,7,16,54,0.771,2025,70
40,ATL,Road,8,18,52,0.743,2025,70
41,ATL,Road,9,19,51,0.729,2025,70
11,ATL,Total,1,39,97,0.713,2025,136
12,ATL,Total,2,29,107,0.787,2025,136
13,ATL,Total,3,32,104,0.765,2025,136
14,ATL,Total,4,41,95,0.699,2025,136
15,ATL,Total,5,32,104,0.765,2025,136
16,ATL,Total,6,42,94,0.691,2025,136
17,ATL,Total,7,32,104,0.765,2025,136
18,ATL,Total,8,33,103,0.757,2025,136
19,ATL,Total,9,28,80,0.741,2025,108
44,BAL,Home,1,18,50,0.735,2025,68
45,BAL,Home,2,21,47,0.691,2025,68
46,BAL,Home,3,23,45,0.662,2025,68
47,BAL,Home,4,12,56,0.824,2025,68
48,BAL,Home,5,18,50,0.735,2025,68
49,BAL,Home,6,20,48,0.706,2025,68
50,BAL,Home,7,24,44,0.647,2025,68
51,BAL,Home,8,20,48,0.706,2025,68
52,BAL,Home,9,5,33,0.868,2025,38
54,BAL,Road,1,17,51,0.75,2025,68
55,BAL,Road,2,10,58,0.853,2025,68
56,BAL,Road,3,21,47,0.691,2025,68
57,BAL,Road,4,18,50,0.735,2025,68
58,BAL,Road,5,18,50,0.735,2025,68
59,BAL,Road,6,15,53,0.779,2025,68
60,BAL,Road,7,19,49,0.721,2025,68
61,BAL,Road,8,14,54,0.794,2025,68
62,BAL,Road,9,11,57,0.838,2025,68
22,BAL,Total,1,35,101,0.743,2025,136
23,BAL,Total,2,31,105,0.772,2025,136
24,BAL,Total,3,44,92,0.676,2025,136
25,BAL,Total,4,30,106,0.779,2025,136
26,BAL,Total,5,36,100,0.735,2025,136
27,BAL,Total,6,35,101,0.743,2025,136
28,BAL,Total,7,43,93,0.684,2025,136
29,BAL,Total,8,34,102,0.75,2025,136
30,BAL,Total,9,16,90,0.849,2025,106
66,BOS,Home,1,23,45,0.662,2025,68
67,BOS,Home,2,15,53,0.779,2025,68
68,BOS,Home,3,22,46,0.676,2025,68
69,BOS,Home,4,18,50,0.735,2025,68
70,BOS,Home,5,22,46,0.676,2025,68
71,BOS,Home,6,21,47,0.691,2025,68
72,BOS,Home,7,24,44,0.647,2025,68
73,BOS,Home,8,19,49,0.721,2025,68
74,BOS,Home,9,7,30,0.811,2025,37
77,BOS,Road,1,20,49,0.71,2025,69
78,BOS,Road,2,18,51,0.739,2025,69
79,BOS,Road,3,21,48,0.696,2025,69
80,BOS,Road,4,18,51,0.739,2025,69
81,BOS,Road,5,20,49,0.71,2025,69
82,BOS,Road,6,20,49,0.71,2025,69
83,BOS,Road,7,16,53,0.768,2025,69
84,BOS,Road,8,13,56,0.812,2025,69
85,BOS,Road,9,23,46,0.667,2025,69
34,BOS,Total,1,43,94,0.686,2025,137
35,BOS,Total,2,33,104,0.759,2025,137
36,BOS,Total,3,43,94,0.686,2025,137
37,BOS,Total,4,36,101,0.737,2025,137
38,BOS,Total,5,42,95,0.693,2025,137
39,BOS,Total,6,41,96,0.701,2025,137
40,BOS,Total,7,40,97,0.708,2025,137
41,BOS,Total,8,32,105,0.766,2025,137
42,BOS,Total,9,30,76,0.717,2025,106
89,CHC,Home,1,19,47,0.712,2025,66
90,CHC,Home,2,26,40,0.606,2025,66
91,CHC,Home,3,19,47,0.712,2025,66
92,CHC,Home,4,16,50,0.758,2025,66
93,CHC,Home,5,23,43,0.652,2025,66
94,CHC,Home,6,15,51,0.773,2025,66
95,CHC,Home,7,16,50,0.758,2025,66
96,CHC,Home,8,19,47,0.712,2025,66
97,CHC,Home,9,4,27,0.871,2025,31
100,CHC,Road,1,22,48,0.686,2025,70
101,CHC,Road,2,18,52,0.743,2025,70
102,CHC,Road,3,17,53,0.757,2025,70
103,CHC,Road,4,25,45,0.643,2025,70
104,CHC,Road,5,20,50,0.714,2025,70
105,CHC,Road,6,23,47,0.671,2025,70
106,CHC,Road,7,25,45,0.643,2025,70
107,CHC,Road,8,22,48,0.686,2025,70
108,CHC,Road,9,16,54,0.771,2025,70
46,CHC,Total,1,41,95,0.699,2025,136
47,CHC,Total,2,44,92,0.676,2025,136
48,CHC,Total,3,36,100,0.735,2025,136
49,CHC,Total,4,41,95,0.699,2025,136
50,CHC,Total,5,43,93,0.684,2025,136
51,CHC,Total,6,38,98,0.721,2025,136
52,CHC,Total,7,41,95,0.699,2025,136
53,CHC,Total,8,41,95,0.699,2025,136
54,CHC,Total,9,20,81,0.802,2025,101
111,CIN,Home,1,28,39,0.582,2025,67
112,CIN,Home,2,15,52,0.776,2025,67
113,CIN,Home,3,18,49,0.731,2025,67
114,CIN,Home,4,17,50,0.746,2025,67
115,CIN,Home,5,15,52,0.776,2025,67
116,CIN,Home,6,22,45,0.672,2025,67
117,CIN,Home,7,21,45,0.682,2025,66
118,CIN,Home,8,11,55,0.833,2025,66
119,CIN,Home,9,8,28,0.778,2025,36
122,CIN,Road,1,14,55,0.797,2025,69
123,CIN,Road,2,11,58,0.841,2025,69
124,CIN,Road,3,20,49,0.71,2025,69
125,CIN,Road,4,21,48,0.696,2025,69
126,CIN,Road,5,22,47,0.681,2025,69
127,CIN,Road,6,21,48,0.696,2025,69
128,CIN,Road,7,12,57,0.826,2025,69
129,CIN,Road,8,24,45,0.652,2025,69
130,CIN,Road,9,20,49,0.71,2025,69
57,CIN,Total,1,42,94,0.691,2025,136
58,CIN,Total,2,26,110,0.809,2025,136
59,CIN,Total,3,38,98,0.721,2025,136
60,CIN,Total,4,38,98,0.721,2025,136
61,CIN,Total,5,37,99,0.728,2025,136
62,CIN,Total,6,43,93,0.684,2025,136
63,CIN,Total,7,33,102,0.756,2025,135
64,CIN,Total,8,35,100,0.741,2025,135
65,CIN,Total,9,28,77,0.733,2025,105
133,CLE,Home,1,21,46,0.687,2025,67
134,CLE,Home,2,10,57,0.851,2025,67
135,CLE,Home,3,16,51,0.761,2025,67
136,CLE,Home,4,24,43,0.642,2025,67
137,CLE,Home,5,13,54,0.806,2025,67
138,CLE,Home,6,19,48,0.716,2025,67
139,CLE,Home,7,16,51,0.761,2025,67
140,CLE,Home,8,13,54,0.806,2025,67
141,CLE,Home,9,8,31,0.795,2025,39
143,CLE,Road,1,16,51,0.761,2025,67
144,CLE,Road,2,13,54,0.806,2025,67
145,CLE,Road,3,20,47,0.701,2025,67
146,CLE,Road,4,20,47,0.701,2025,67
147,CLE,Road,5,15,52,0.776,2025,67
148,CLE,Road,6,19,48,0.716,2025,67
149,CLE,Road,7,16,51,0.761,2025,67
150,CLE,Road,8,14,53,0.791,2025,67
151,CLE,Road,9,13,54,0.806,2025,67
68,CLE,Total,1,37,97,0.724,2025,134
69,CLE,Total,2,23,111,0.828,2025,134
70,CLE,Total,3,36,98,0.731,2025,134
71,CLE,Total,4,44,90,0.672,2025,134
72,CLE,Total,5,28,106,0.791,2025,134
73,CLE,Total,6,38,96,0.716,2025,134
74,CLE,Total,7,32,102,0.761,2025,134
75,CLE,Total,8,27,107,0.799,2025,134
76,CLE,Total,9,21,85,0.802,2025,106
154,COL,Home,1,22,46,0.676,2025,68
155,COL,Home,2,21,47,0.691,2025,68
156,COL,Home,3,25,43,0.632,2025,68
157,COL,Home,4,23,45,0.662,2025,68
158,COL,Home,5,20,48,0.706,2025,68
159,COL,Home,6,18,50,0.735,2025,68
160,COL,Home,7,14,54,0.794,2025,68
161,COL,Home,8,23,45,0.662,2025,68
162,COL,Home,9,14,36,0.72,2025,50
165,COL,Road,1,9,59,0.868,2025,68
166,COL,Road,2,9,59,0.868,2025,68
167,COL,Road,3,17,51,0.75,2025,68
168,COL,Road,4,12,56,0.824,2025,68
169,COL,Road,5,16,52,0.765,2025,68
170,COL,Road,6,16,52,0.765,2025,68
171,COL,Road,7,18,50,0.735,2025,68
172,COL,Road,8,14,54,0.794,2025,68
173,COL,Road,9,12,56,0.824,2025,68
79,COL,Total,1,31,105,0.772,2025,136
80,COL,Total,2,30,106,0.779,2025,136
81,COL,Total,3,42,94,0.691,2025,136
82,COL,Total,4,35,101,0.743,2025,136
83,COL,Total,5,36,100,0.735,2025,136
84,COL,Total,6,34,102,0.75,2025,136
85,COL,Total,7,32,104,0.765,2025,136
86,COL,Total,8,37,99,0.728,2025,136
87,COL,Total,9,26,92,0.78,2025,118
176,CWS,Home,1,20,51,0.718,2025,71
177,CWS,Home,2,20,51,0.718,2025,71
178,CWS,Home,3,12,59,0.831,2025,71
179,CWS,Home,4,19,52,0.732,2025,71
180,CWS,Home,5,16,55,0.775,2025,71
181,CWS,Home,6,18,53,0.746,2025,71
182,CWS,Home,7,17,52,0.754,2025,69
183,CWS,Home,8,21,48,0.696,2025,69
184,CWS,Home,9,5,39,0.886,2025,44
187,CWS,Road,1,20,45,0.692,2025,65
188,CWS,Road,2,14,51,0.785,2025,65
189,CWS,Road,3,13,52,0.8,2025,65
190,CWS,Road,4,19,46,0.708,2025,65
191,CWS,Road,5,14,51,0.785,2025,65
192,CWS,Road,6,18,47,0.723,2025,65
193,CWS,Road,7,15,50,0.769,2025,65
194,CWS,Road,8,13,51,0.797,2025,64
195,CWS,Road,9,14,50,0.781,2025,64
90,CWS,Total,1,40,96,0.706,2025,136
91,CWS,Total,2,34,102,0.75,2025,136
92,CWS,Total,3,25,111,0.816,2025,136
93,CWS,Total,4,38,98,0.721,2025,136
94,CWS,Total,5,30,106,0.779,2025,136
95,CWS,Total,6,36,100,0.735,2025,136
96,CWS,Total,7,32,102,0.761,2025,134
97,CWS,Total,8,34,99,0.744,2025,133
98,CWS,Total,9,19,89,0.824,2025,108
198,DET,Home,1,20,49,0.71,2025,69
199,DET,Home,2,22,47,0.681,2025,69
200,DET,Home,3,21,48,0.696,2025,69
201,DET,Home,4,26,43,0.623,2025,69
202,DET,Home,5,28,41,0.594,2025,69
203,DET,Home,6,19,50,0.725,2025,69
204,DET,Home,7,23,46,0.667,2025,69
205,DET,Home,8,14,55,0.797,2025,69
206,DET,Home,9,5,24,0.828,2025,29
209,DET,Road,1,16,52,0.765,2025,68
210,DET,Road,2,16,52,0.765,2025,68
211,DET,Road,3,22,46,0.676,2025,68
212,DET,Road,4,19,49,0.721,2025,68
213,DET,Road,5,10,58,0.853,2025,68
214,DET,Road,6,11,57,0.838,2025,68
215,DET,Road,7,18,50,0.735,2025,68
216,DET,Road,8,21,47,0.691,2025,68
217,DET,Road,9,15,53,0.779,2025,68
101,DET,Total,1,36,101,0.737,2025,137
102,DET,Total,2,38,99,0.723,2025,137
103,DET,Total,3,43,94,0.686,2025,137
104,DET,Total,4,45,92,0.672,2025,137
105,DET,Total,5,38,99,0.723,2025,137
106,DET,Total,6,30,107,0.781,2025,137
107,DET,Total,7,41,96,0.701,2025,137
108,DET,Total,8,35,102,0.745,2025,137
109,DET,Total,9,20,77,0.794,2025,97
220,HOU,Home,1,17,53,0.757,2025,70
221,HOU,Home,2,14,56,0.8,2025,70
222,HOU,Home,3,19,51,0.729,2025,70
223,HOU,Home,4,17,53,0.757,2025,70
224,HOU,Home,5,20,50,0.714,2025,70
225,HOU,Home,6,20,50,0.714,2025,70
226,HOU,Home,7,15,55,0.786,2025,70
227,HOU,Home,8,20,50,0.714,2025,70
228,HOU,Home,9,5,31,0.861,2025,36
232,HOU,Road,1,19,47,0.712,2025,66
233,HOU,Road,2,13,53,0.803,2025,66
234,HOU,Road,3,16,50,0.758,2025,66
235,HOU,Road,4,13,53,0.803,2025,66
236,HOU,Road,5,17,49,0.742,2025,66
237,HOU,Road,6,19,47,0.712,2025,66
238,HOU,Road,7,16,50,0.758,2025,66
239,HOU,Road,8,19,46,0.708,2025,65
240,HOU,Road,9,12,53,0.815,2025,65
112,HOU,Total,1,36,100,0.735,2025,136
113,HOU,Total,2,27,109,0.801,2025,136
114,HOU,Total,3,35,101,0.743,2025,136
115,HOU,Total,4,30,106,0.779,2025,136
116,HOU,Total,5,37,99,0.728,2025,136
117,HOU,Total,6,39,97,0.713,2025,136
118,HOU,Total,7,31,105,0.772,2025,136
119,HOU,Total,8,39,96,0.711,2025,135
120,HOU,Total,9,17,84,0.832,2025,101
244,KC,Home,1,23,45,0.662,2025,68
245,KC,Home,2,15,53,0.779,2025,68
246,KC,Home,3,14,54,0.794,2025,68
247,KC,Home,4,15,53,0.779,2025,68
248,KC,Home,5,17,51,0.75,2025,68
249,KC,Home,6,17,51,0.75,2025,68
250,KC,Home,7,16,52,0.765,2025,68
251,KC,Home,8,18,50,0.735,2025,68
252,KC,Home,9,10,28,0.737,2025,38
256,KC,Road,1,19,49,0.721,2025,68
257,KC,Road,2,14,54,0.794,2025,68
258,KC,Road,3,16,52,0.765,2025,68
259,KC,Road,4,20,48,0.706,2025,68
260,KC,Road,5,22,46,0.676,2025,68
261,KC,Road,6,12,56,0.824,2025,68
262,KC,Road,7,12,56,0.824,2025,68
263,KC,Road,8,20,48,0.706,2025,68
264,KC,Road,9,15,53,0.779,2025,68
124,KC,Total,1,42,94,0.691,2025,136
125,KC,Total,2,29,107,0.787,2025,136
126,KC,Total,3,30,106,0.779,2025,136
127,KC,Total,4,35,101,0.743,2025,136
128,KC,Total,5,39,97,0.713,2025,136
129,KC,Total,6,29,107,0.787,2025,136
130,KC,Total,7,28,108,0.794,2025,136
131,KC,Total,8,38,98,0.721,2025,136
132,KC,Total,9,25,81,0.764,2025,106
267,LAA,Home,1,22,47,0.681,2025,69
268,LAA,Home,2,14,55,0.797,2025,69
269,LAA,Home,3,14,55,0.797,2025,69
270,LAA,Home,4,21,48,0.696,2025,69
271,LAA,Home,5,20,49,0.71,2025,69
272,LAA,Home,6,18,51,0.739,2025,69
273,LAA,Home,7,18,51,0.739,2025,69
274,LAA,Home,8,16,53,0.768,2025,69
275,LAA,Home,9,8,36,0.818,2025,44
278,LAA,Road,1,26,40,0.606,2025,66
279,LAA,Road,2,18,48,0.727,2025,66
280,LAA,Road,3,17,49,0.742,2025,66
281,LAA,Road,4,16,50,0.758,2025,66
282,LAA,Road,5,21,45,0.682,2025,66
283,LAA,Road,6,13,53,0.803,2025,66
284,LAA,Road,7,18,48,0.727,2025,66
285,LAA,Road,8,15,51,0.773,2025,66
286,LAA,Road,9,16,50,0.758,2025,66
136,LAA,Total,1,48,87,0.644,2025,135
137,LAA,Total,2,32,103,0.763,2025,135
138,LAA,Total,3,31,104,0.77,2025,135
139,LAA,Total,4,37,98,0.726,2025,135
140,LAA,Total,5,41,94,0.696,2025,135
141,LAA,Total,6,31,104,0.77,2025,135
142,LAA,Total,7,36,99,0.733,2025,135
143,LAA,Total,8,31,104,0.77,2025,135
144,LAA,Total,9,24,86,0.782,2025,110
289,LAD,Home,1,27,43,0.614,2025,70
290,LAD,Home,2,23,47,0.671,2025,70
291,LAD,Home,3,20,50,0.714,2025,70
292,LAD,Home,4,19,51,0.729,2025,70
293,LAD,Home,5,19,51,0.729,2025,70
294,LAD,Home,6,27,43,0.614,2025,70
295,LAD,Home,7,21,49,0.7,2025,70
296,LAD,Home,8,21,49,0.7,2025,70
297,LAD,Home,9,9,25,0.735,2025,34
299,LAD,Road,1,21,45,0.682,2025,66
300,LAD,Road,2,18,48,0.727,2025,66
301,LAD,Road,3,15,51,0.773,2025,66
302,LAD,Road,4,16,50,0.758,2025,66
303,LAD,Road,5,18,48,0.727,2025,66
304,LAD,Road,6,22,44,0.667,2025,66
305,LAD,Road,7,21,45,0.682,2025,66
306,LAD,Road,8,14,52,0.788,2025,66
307,LAD,Road,9,19,47,0.712,2025,66
147,LAD,Total,1,48,88,0.647,2025,136
148,LAD,Total,2,41,95,0.699,2025,136
149,LAD,Total,3,35,101,0.743,2025,136
150,LAD,Total,4,35,101,0.743,2025,136
151,LAD,Total,5,37,99,0.728,2025,136
152,LAD,Total,6,49,87,0.64,2025,136
153,LAD,Total,7,42,94,0.691,2025,136
154,LAD,Total,8,35,101,0.743,2025,136
155,LAD,Total,9,28,72,0.72,2025,100
312,MIA,Home,1,19,49,0.721,2025,68
313,MIA,Home,2,19,49,0.721,2025,68
314,MIA,Home,3,14,54,0.794,2025,68
315,MIA,Home,4,13,55,0.809,2025,68
316,MIA,Home,5,21,47,0.691,2025,68
317,MIA,Home,6,19,49,0.721,2025,68
318,MIA,Home,7,19,49,0.721,2025,68
319,MIA,Home,8,13,55,0.809,2025,68
320,MIA,Home,9,9,36,0.8,2025,45
324,MIA,Road,1,18,50,0.735,2025,68
325,MIA,Road,2,13,55,0.809,2025,68
326,MIA,Road,3,19,49,0.721,2025,68
327,MIA,Road,4,16,52,0.765,2025,68
328,MIA,Road,5,22,46,0.676,2025,68
329,MIA,Road,6,15,53,0.779,2025,68
330,MIA,Road,7,22,46,0.676,2025,68
331,MIA,Road,8,21,47,0.691,2025,68
332,MIA,Road,9,14,54,0.794,2025,68
160,MIA,Total,1,37,99,0.728,2025,136
161,MIA,Total,2,32,104,0.765,2025,136
162,MIA,Total,3,33,103,0.757,2025,136
163,MIA,Total,4,29,107,0.787,2025,136
164,MIA,Total,5,43,93,0.684,2025,136
165,MIA,Total,6,34,102,0.75,2025,136
166,MIA,Total,7,41,95,0.699,2025,136
167,MIA,Total,8,34,102,0.75,2025,136
168,MIA,Total,9,23,90,0.796,2025,113
335,MIL,Home,1,11,58,0.841,2025,69
336,MIL,Home,2,17,52,0.754,2025,69
337,MIL,Home,3,25,44,0.638,2025,69
338,MIL,Home,4,27,42,0.609,2025,69
339,MIL,Home,5,23,46,0.667,2025,69
340,MIL,Home,6,15,54,0.783,2025,69
341,MIL,Home,7,15,54,0.783,2025,69
342,MIL,Home,8,17,52,0.754,2025,69
343,MIL,Home,9,7,27,0.794,2025,34
346,MIL,Road,1,19,49,0.721,2025,68
347,MIL,Road,2,22,46,0.676,2025,68
348,MIL,Road,3,17,51,0.75,2025,68
349,MIL,Road,4,23,45,0.662,2025,68
350,MIL,Road,5,18,50,0.735,2025,68
351,MIL,Road,6,25,43,0.632,2025,68
352,MIL,Road,7,16,52,0.765,2025,68
353,MIL,Road,8,21,47,0.691,2025,68
354,MIL,Road,9,19,49,0.721,2025,68
172,MIL,Total,1,30,107,0.781,2025,137
173,MIL,Total,2,39,98,0.715,2025,137
174,MIL,Total,3,42,95,0.693,2025,137
175,MIL,Total,4,50,87,0.635,2025,137
176,MIL,Total,5,41,96,0.701,2025,137
177,MIL,Total,6,40,97,0.708,2025,137
178,MIL,Total,7,31,106,0.774,2025,137
179,MIL,Total,8,38,99,0.723,2025,137
180,MIL,Total,9,26,76,0.745,2025,102
357,MIN,Home,1,17,49,0.742,2025,66
358,MIN,Home,2,17,49,0.742,2025,66
359,MIN,Home,3,19,47,0.712,2025,66
360,MIN,Home,4,18,48,0.727,2025,66
361,MIN,Home,5,21,45,0.682,2025,66
362,MIN,Home,6,23,43,0.652,2025,66
363,MIN,Home,7,13,53,0.803,2025,66
364,MIN,Home,8,10,55,0.846,2025,65
365,MIN,Home,9,5,35,0.875,2025,40
368,MIN,Road,1,20,49,0.71,2025,69
369,MIN,Road,2,16,53,0.768,2025,69
370,MIN,Road,3,11,58,0.841,2025,69
371,MIN,Road,4,26,43,0.623,2025,69
372,MIN,Road,5,16,53,0.768,2025,69
373,MIN,Road,6,23,46,0.667,2025,69
374,MIN,Road,7,19,49,0.721,2025,68
375,MIN,Road,8,15,53,0.779,2025,68
376,MIN,Road,9,20,48,0.706,2025,68
183,MIN,Total,1,37,98,0.726,2025,135
184,MIN,Total,2,33,102,0.756,2025,135
185,MIN,Total,3,30,105,0.778,2025,135
186,MIN,Total,4,44,91,0.674,2025,135
187,MIN,Total,5,37,98,0.726,2025,135
188,MIN,Total,6,46,89,0.659,2025,135
189,MIN,Total,7,32,102,0.761,2025,134
190,MIN,Total,8,25,108,0.812,2025,133
191,MIN,Total,9,25,83,0.769,2025,108
379,NYM,Home,1,26,45,0.634,2025,71
380,NYM,Home,2,21,50,0.704,2025,71
381,NYM,Home,3,26,45,0.634,2025,71
382,NYM,Home,4,21,50,0.704,2025,71
383,NYM,Home,5,20,51,0.718,2025,71
384,NYM,Home,6,17,54,0.761,2025,71
385,NYM,Home,7,18,53,0.746,2025,71
386,NYM,Home,8,26,45,0.634,2025,71
387,NYM,Home,9,7,26,0.788,2025,33
392,NYM,Road,1,15,50,0.769,2025,65
393,NYM,Road,2,18,47,0.723,2025,65
394,NYM,Road,3,21,44,0.677,2025,65
395,NYM,Road,4,13,52,0.8,2025,65
396,NYM,Road,5,20,45,0.692,2025,65
397,NYM,Road,6,16,49,0.754,2025,65
398,NYM,Road,7,15,50,0.769,2025,65
399,NYM,Road,8,17,48,0.738,2025,65
400,NYM,Road,9,20,45,0.692,2025,65
194,NYM,Total,1,41,95,0.699,2025,136
195,NYM,Total,2,39,97,0.713,2025,136
196,NYM,Total,3,47,89,0.654,2025,136
197,NYM,Total,4,34,102,0.75,2025,136
198,NYM,Total,5,40,96,0.706,2025,136
199,NYM,Total,6,33,103,0.757,2025,136
200,NYM,Total,7,33,103,0.757,2025,136
201,NYM,Total,8,43,93,0.684,2025,136
202,NYM,Total,9,27,71,0.724,2025,98
403,NYY,Home,1,23,46,0.667,2025,69
404,NYY,Home,2,22,47,0.681,2025,69
405,NYY,Home,3,23,46,0.667,2025,69
406,NYY,Home,4,19,50,0.725,2025,69
407,NYY,Home,5,19,50,0.725,2025,69
408,NYY,Home,6,19,49,0.721,2025,68
409,NYY,Home,7,19,49,0.721,2025,68
410,NYY,Home,8,20,48,0.706,2025,68
411,NYY,Home,9,6,25,0.806,2025,31
414,NYY,Road,1,28,39,0.582,2025,67
415,NYY,Road,2,16,51,0.761,2025,67
416,NYY,Road,3,15,52,0.776,2025,67
417,NYY,Road,4,22,45,0.672,2025,67
418,NYY,Road,5,22,45,0.672,2025,67
419,NYY,Road,6,18,49,0.731,2025,67
420,NYY,Road,7,28,39,0.582,2025,67
421,NYY,Road,8,19,48,0.716,2025,67
422,NYY,Road,9,20,47,0.701,2025,67
207,NYY,Total,1,51,85,0.625,2025,136
208,NYY,Total,2,38,98,0.721,2025,136
209,NYY,Total,3,38,98,0.721,2025,136
210,NYY,Total,4,41,95,0.699,2025,136
211,NYY,Total,5,41,95,0.699,2025,136
212,NYY,Total,6,37,98,0.726,2025,135
213,NYY,Total,7,47,88,0.652,2025,135
214,NYY,Total,8,39,96,0.711,2025,135
215,NYY,Total,9,26,72,0.735,2025,98
425,OAK,Home,1,24,44,0.647,2025,68
426,OAK,Home,2,19,49,0.721,2025,68
427,OAK,Home,3,27,41,0.603,2025,68
428,OAK,Home,4,15,53,0.779,2025,68
429,OAK,Home,5,21,47,0.691,2025,68
430,OAK,Home,6,13,55,0.809,2025,68
431,OAK,Home,7,20,48,0.706,2025,68
432,OAK,Home,8,16,52,0.765,2025,68
433,OAK,Home,9,10,36,0.783,2025,46
436,OAK,Road,1,20,49,0.71,2025,69
437,OAK,Road,2,17,52,0.754,2025,69
438,OAK,Road,3,15,54,0.783,2025,69
439,OAK,Road,4,25,44,0.638,2025,69
440,OAK,Road,5,19,50,0.725,2025,69
441,OAK,Road,6,25,44,0.638,2025,69
442,OAK,Road,7,13,56,0.812,2025,69
443,OAK,Road,8,17,52,0.754,2025,69
444,OAK,Road,9,23,46,0.667,2025,69
218,OAK,Total,1,44,93,0.679,2025,137
219,OAK,Total,2,36,101,0.737,2025,137
220,OAK,Total,3,42,95,0.693,2025,137
221,OAK,Total,4,40,97,0.708,2025,137
222,OAK,Total,5,40,97,0.708,2025,137
223,OAK,Total,6,38,99,0.723,2025,137
224,OAK,Total,7,33,104,0.759,2025,137
225,OAK,Total,8,33,104,0.759,2025,137
226,OAK,Total,9,33,82,0.713,2025,115
447,PHI,Home,1,26,41,0.612,2025,67
448,PHI,Home,2,17,50,0.746,2025,67
449,PHI,Home,3,17,50,0.746,2025,67
450,PHI,Home,4,28,39,0.582,2025,67
451,PHI,Home,5,21,46,0.687,2025,67
452,PHI,Home,6,16,51,0.761,2025,67
453,PHI,Home,7,25,42,0.627,2025,67
454,PHI,Home,8,29,38,0.567,2025,67
455,PHI,Home,9,5,21,0.808,2025,26
458,PHI,Road,1,18,51,0.739,2025,69
459,PHI,Road,2,13,56,0.812,2025,69
460,PHI,Road,3,15,54,0.783,2025,69
461,PHI,Road,4,17,52,0.754,2025,69
462,PHI,Road,5,15,54,0.783,2025,69
463,PHI,Road,6,13,56,0.812,2025,69
464,PHI,Road,7,16,53,0.768,2025,69
465,PHI,Road,8,17,52,0.754,2025,69
466,PHI,Road,9,16,53,0.768,2025,69
229,PHI,Total,1,44,92,0.676,2025,136
230,PHI,Total,2,30,106,0.779,2025,136
231,PHI,Total,3,32,104,0.765,2025,136
232,PHI,Total,4,45,91,0.669,2025,136
233,PHI,Total,5,36,100,0.735,2025,136
234,PHI,Total,6,29,107,0.787,2025,136
235,PHI,Total,7,41,95,0.699,2025,136
236,PHI,Total,8,46,90,0.662,2025,136
237,PHI,Total,9,21,74,0.779,2025,95
469,PIT,Home,1,19,50,0.725,2025,69
470,PIT,Home,2,19,50,0.725,2025,69
471,PIT,Home,3,20,49,0.71,2025,69
472,PIT,Home,4,17,52,0.754,2025,69
473,PIT,Home,5,16,53,0.768,2025,69
474,PIT,Home,6,13,56,0.812,2025,69
475,PIT,Home,7,19,50,0.725,2025,69
476,PIT,Home,8,17,52,0.754,2025,69
477,PIT,Home,9,7,29,0.806,2025,36
482,PIT,Road,1,17,51,0.75,2025,68
483,PIT,Road,2,12,56,0.824,2025,68
484,PIT,Road,3,10,58,0.853,2025,68
485,PIT,Road,4,12,56,0.824,2025,68
486,PIT,Road,5,22,46,0.676,2025,68
487,PIT,Road,6,19,49,0.721,2025,68
488,PIT,Road,7,12,56,0.824,2025,68
489,PIT,Road,8,11,57,0.838,2025,68
490,PIT,Road,9,12,56,0.824,2025,68
240,PIT,Total,1,36,101,0.737,2025,137
241,PIT,Total,2,31,106,0.774,2025,137
242,PIT,Total,3,30,107,0.781,2025,137
243,PIT,Total,4,29,108,0.788,2025,137
244,PIT,Total,5,38,99,0.723,2025,137
245,PIT,Total,6,32,105,0.766,2025,137
246,PIT,Total,7,31,106,0.774,2025,137
247,PIT,Total,8,28,109,0.796,2025,137
248,PIT,Total,9,19,85,0.817,2025,104
494,SD,Home,1,16,49,0.754,2025,65
495,SD,Home,2,16,49,0.754,2025,65
496,SD,Home,3,22,43,0.662,2025,65
497,SD,Home,4,18,47,0.723,2025,65
498,SD,Home,5,19,46,0.708,2025,65
499,SD,Home,6,19,46,0.708,2025,65
500,SD,Home,7,28,37,0.569,2025,65
501,SD,Home,8,16,49,0.754,2025,65
502,SD,Home,9,4,24,0.857,2025,28
505,SD,Road,1,19,52,0.732,2025,71
506,SD,Road,2,21,50,0.704,2025,71
507,SD,Road,3,19,52,0.732,2025,71
508,SD,Road,4,17,54,0.761,2025,71
509,SD,Road,5,15,56,0.789,2025,71
510,SD,Road,6,12,59,0.831,2025,71
511,SD,Road,7,23,48,0.676,2025,71
512,SD,Road,8,16,55,0.775,2025,71
513,SD,Road,9,17,54,0.761,2025,71
253,SD,Total,1,35,101,0.743,2025,136
254,SD,Total,2,37,99,0.728,2025,136
255,SD,Total,3,41,95,0.699,2025,136
256,SD,Total,4,35,101,0.743,2025,136
257,SD,Total,5,34,102,0.75,2025,136
258,SD,Total,6,31,105,0.772,2025,136
259,SD,Total,7,51,85,0.625,2025,136
260,SD,Total,8,32,104,0.765,2025,136
261,SD,Total,9,21,78,0.788,2025,99
516,SEA,Home,1,14,54,0.794,2025,68
517,SEA,Home,2,24,44,0.647,2025,68
518,SEA,Home,3,15,53,0.779,2025,68
519,SEA,Home,4,20,48,0.706,2025,68
520,SEA,Home,5,14,54,0.794,2025,68
521,SEA,Home,6,18,50,0.735,2025,68
522,SEA,Home,7,20,48,0.706,2025,68
523,SEA,Home,8,13,55,0.809,2025,68
524,SEA,Home,9,4,31,0.886,2025,35
528,SEA,Road,1,26,42,0.618,2025,68
529,SEA,Road,2,16,52,0.765,2025,68
530,SEA,Road,3,18,50,0.735,2025,68
531,SEA,Road,4,19,49,0.721,2025,68
532,SEA,Road,5,18,50,0.735,2025,68
533,SEA,Road,6,23,45,0.662,2025,68
534,SEA,Road,7,21,47,0.691,2025,68
535,SEA,Road,8,15,53,0.779,2025,68
536,SEA,Road,9,22,46,0.676,2025,68
264,SEA,Total,1,40,96,0.706,2025,136
265,SEA,Total,2,40,96,0.706,2025,136
266,SEA,Total,3,33,103,0.757,2025,136
267,SEA,Total,4,39,97,0.713,2025,136
268,SEA,Total,5,32,104,0.765,2025,136
269,SEA,Total,6,41,95,0.699,2025,136
270,SEA,Total,7,41,95,0.699,2025,136
271,SEA,Total,8,28,108,0.794,2025,136
272,SEA,Total,9,26,77,0.748,2025,103
540,SF,Home,1,20,48,0.706,2025,68
541,SF,Home,2,14,54,0.794,2025,68
542,SF,Home,3,15,53,0.779,2025,68
543,SF,Home,4,19,49,0.721,2025,68
544,SF,Home,5,19,49,0.721,2025,68
545,SF,Home,6,17,51,0.75,2025,68
546,SF,Home,7,11,57,0.838,2025,68
547,SF,Home,8,15,53,0.779,2025,68
548,SF,Home,9,5,39,0.886,2025,44
551,SF,Road,1,21,47,0.691,2025,68
552,SF,Road,2,18,50,0.735,2025,68
553,SF,Road,3,15,53,0.779,2025,68
554,SF,Road,4,17,51,0.75,2025,68
555,SF,Road,5,21,47,0.691,2025,68
556,SF,Road,6,19,49,0.721,2025,68
557,SF,Road,7,14,53,0.791,2025,67
558,SF,Road,8,15,52,0.776,2025,67
559,SF,Road,9,16,51,0.761,2025,67
276,SF,Total,1,41,95,0.699,2025,136
277,SF,Total,2,32,104,0.765,2025,136
278,SF,Total,3,30,106,0.779,2025,136
279,SF,Total,4,36,100,0.735,2025,136
280,SF,Total,5,40,96,0.706,2025,136
281,SF,Total,6,36,100,0.735,2025,136
282,SF,Total,7,25,110,0.815,2025,135
283,SF,Total,8,30,105,0.778,2025,135
284,SF,Total,9,21,90,0.811,2025,111
562,STL,Home,1,15,54,0.783,2025,69
563,STL,Home,2,21,48,0.696,2025,69
564,STL,Home,3,20,49,0.71,2025,69
565,STL,Home,4,17,52,0.754,2025,69
566,STL,Home,5,16,53,0.768,2025,69
567,STL,Home,6,26,43,0.623,2025,69
568,STL,Home,7,18,51,0.739,2025,69
569,STL,Home,8,15,54,0.783,2025,69
570,STL,Home,9,3,34,0.919,2025,37
573,STL,Road,1,17,51,0.75,2025,68
574,STL,Road,2,15,53,0.779,2025,68
575,STL,Road,3,14,54,0.794,2025,68
576,STL,Road,4,21,47,0.691,2025,68
577,STL,Road,5,16,52,0.765,2025,68
578,STL,Road,6,19,49,0.721,2025,68
579,STL,Road,7,19,49,0.721,2025,68
580,STL,Road,8,22,46,0.676,2025,68
581,STL,Road,9,25,43,0.632,2025,68
287,STL,Total,1,32,105,0.766,2025,137
288,STL,Total,2,36,101,0.737,2025,137
289,STL,Total,3,34,103,0.752,2025,137
290,STL,Total,4,38,99,0.723,2025,137
291,STL,Total,5,32,105,0.766,2025,137
292,STL,Total,6,45,92,0.672,2025,137
293,STL,Total,7,37,100,0.73,2025,137
294,STL,Total,8,37,100,0.73,2025,137
295,STL,Total,9,28,77,0.733,2025,105
586,TB,Home,1,22,45,0.672,2025,67
587,TB,Home,2,14,53,0.791,2025,67
588,TB,Home,3,21,46,0.687,2025,67
589,TB,Home,4,27,40,0.597,2025,67
590,TB,Home,5,12,55,0.821,2025,67
591,TB,Home,6,17,50,0.746,2025,67
592,TB,Home,7,16,51,0.761,2025,67
593,TB,Home,8,20,47,0.701,2025,67
594,TB,Home,9,8,30,0.789,2025,38
596,TB,Road,1,16,52,0.765,2025,68
597,TB,Road,2,16,52,0.765,2025,68
598,TB,Road,3,23,45,0.662,2025,68
599,TB,Road,4,25,43,0.632,2025,68
600,TB,Road,5,18,50,0.735,2025,68
601,TB,Road,6,13,55,0.809,2025,68
602,TB,Road,7,16,52,0.765,2025,68
603,TB,Road,8,12,56,0.824,2025,68
604,TB,Road,9,15,53,0.779,2025,68
300,TB,Total,1,38,97,0.719,2025,135
301,TB,Total,2,30,105,0.778,2025,135
302,TB,Total,3,44,91,0.674,2025,135
303,TB,Total,4,52,83,0.615,2025,135
304,TB,Total,5,30,105,0.778,2025,135
305,TB,Total,6,30,105,0.778,2025,135
306,TB,Total,7,32,103,0.763,2025,135
307,TB,Total,8,32,103,0.763,2025,135
308,TB,Total,9,23,83,0.783,2025,106
607,TEX,Home,1,17,52,0.754,2025,69
608,TEX,Home,2,19,50,0.725,2025,69
609,TEX,Home,3,20,49,0.71,2025,69
610,TEX,Home,4,17,52,0.754,2025,69
611,TEX,Home,5,15,54,0.783,2025,69
612,TEX,Home,6,19,50,0.725,2025,69
613,TEX,Home,7,18,51,0.739,2025,69
614,TEX,Home,8,13,56,0.812,2025,69
615,TEX,Home,9,6,29,0.829,2025,35
619,TEX,Road,1,20,48,0.706,2025,68
620,TEX,Road,2,16,52,0.765,2025,68
621,TEX,Road,3,24,44,0.647,2025,68
622,TEX,Road,4,20,48,0.706,2025,68
623,TEX,Road,5,21,47,0.691,2025,68
624,TEX,Road,6,19,49,0.721,2025,68
625,TEX,Road,7,14,54,0.794,2025,68
626,TEX,Road,8,19,49,0.721,2025,68
627,TEX,Road,9,14,54,0.794,2025,68
311,TEX,Total,1,37,100,0.73,2025,137
312,TEX,Total,2,35,102,0.745,2025,137
313,TEX,Total,3,44,93,0.679,2025,137
314,TEX,Total,4,37,100,0.73,2025,137
315,TEX,Total,5,36,101,0.737,2025,137
316,TEX,Total,6,38,99,0.723,2025,137
317,TEX,Total,7,32,105,0.766,2025,137
318,TEX,Total,8,32,105,0.766,2025,137
319,TEX,Total,9,20,83,0.806,2025,103
630,TOR,Home,1,20,48,0.706,2025,68
631,TOR,Home,2,17,51,0.75,2025,68
632,TOR,Home,3,24,44,0.647,2025,68
633,TOR,Home,4,16,52,0.765,2025,68
634,TOR,Home,5,22,46,0.676,2025,68
635,TOR,Home,6,25,43,0.632,2025,68
636,TOR,Home,7,22,46,0.676,2025,68
637,TOR,Home,8,23,45,0.662,2025,68
638,TOR,Home,9,6,25,0.806,2025,31
642,TOR,Road,1,17,51,0.75,2025,68
643,TOR,Road,2,15,53,0.779,2025,68
644,TOR,Road,3,21,47,0.691,2025,68
645,TOR,Road,4,16,52,0.765,2025,68
646,TOR,Road,5,19,49,0.721,2025,68
647,TOR,Road,6,20,48,0.706,2025,68
648,TOR,Road,7,17,51,0.75,2025,68
649,TOR,Road,8,17,50,0.746,2025,67
650,TOR,Road,9,14,53,0.791,2025,67
323,TOR,Total,1,37,99,0.728,2025,136
324,TOR,Total,2,32,104,0.765,2025,136
325,TOR,Total,3,45,91,0.669,2025,136
326,TOR,Total,4,32,104,0.765,2025,136
327,TOR,Total,5,41,95,0.699,2025,136
328,TOR,Total,6,45,91,0.669,2025,136
329,TOR,Total,7,39,97,0.713,2025,136
330,TOR,Total,8,40,95,0.704,2025,135
331,TOR,Total,9,20,78,0.796,2025,98
654,WSH,Home,1,20,47,0.701,2025,67
655,WSH,Home,2,15,52,0.776,2025,67
656,WSH,Home,3,15,52,0.776,2025,67
657,WSH,Home,4,16,51,0.761,2025,67
658,WSH,Home,5,13,54,0.806,2025,67
659,WSH,Home,6,17,50,0.746,2025,67
660,WSH,Home,7,14,53,0.791,2025,67
661,WSH,Home,8,14,53,0.791,2025,67
662,WSH,Home,9,13,33,0.717,2025,46
665,WSH,Road,1,17,51,0.75,2025,68
666,WSH,Road,2,14,54,0.794,2025,68
667,WSH,Road,3,11,57,0.838,2025,68
668,WSH,Road,4,20,48,0.706,2025,68
669,WSH,Road,5,16,52,0.765,2025,68
670,WSH,Road,6,22,46,0.676,2025,68
671,WSH,Road,7,21,47,0.691,2025,68
672,WSH,Road,8,18,50,0.735,2025,68
673,WSH,Road,9,22,46,0.676,2025,68
335,WSH,Total,1,37,98,0.726,2025,135
336,WSH,Total,2,29,106,0.785,2025,135
337,WSH,Total,3,26,109,0.807,2025,135
338,WSH,Total,4,36,99,0.733,2025,135
339,WSH,Total,5,29,106,0.785,2025,135
340,WSH,Total,6,39,96,0.711,2025,135
341,WSH,Total,7,35,100,0.741,2025,135
342,WSH,Total,8,32,103,0.763,2025,135
343,WSH,Total,9,35,79,0.693,2025,114
